video_test_0001276	46.919	49.475	24	0.8182
video_test_0001276	46.694	47.456	23	0.0015
video_test_0001276	26.111	31.235	92	0.0015
video_test_0001276	26.331	27.291	24	0.0002
video_test_0001276	26.084	26.525	24	0.0000
video_test_0001276	27.556	28.301	12	0.0000
video_test_0001276	27.133	27.785	12	0.0000
video_test_0000723	22.727	24.116	97	0.7885
video_test_0000723	17.858	19.238	97	0.7020
video_test_0000723	28.968	30.013	97	0.2695
video_test_0000723	15.745	16.997	97	0.1774
video_test_0000723	27.180	27.936	97	0.1037
video_test_0000723	23.823	24.649	97	0.0181
video_test_0000723	10.554	11.150	97	0.0103
video_test_0000723	26.100	26.760	97	0.0099
video_test_0000723	12.656	14.046	97	0.0095
video_test_0000723	13.761	14.857	97	0.0060
video_test_0000723	26.661	27.385	97	0.0040
video_test_0000723	9.502	10.291	97	0.0000
video_test_0000723	28.219	29.151	97	0.0000
video_test_0000723	21.169	21.957	97	0.0000
video_test_0000723	17.067	17.504	24	0.0000
video_test_0000723	14.879	16.125	97	0.0000
video_test_0000723	25.600	26.164	26	0.0000
video_test_0000723	22.462	22.980	9	0.0000
video_test_0000723	21.907	22.409	97	0.0000
video_test_0000723	24.886	29.917	9	0.0000
video_test_0000723	17.602	18.159	9	0.0000
video_test_0000569	2.333	3.271	23	0.6590
video_test_0000569	48.932	49.668	23	0.3720
video_test_0000569	65.015	66.460	24	0.1303
video_test_0000569	49.570	50.324	24	0.1121
video_test_0000569	2.979	3.859	24	0.0498
video_test_0000569	13.815	14.562	9	0.0000
video_test_0000569	13.145	13.930	9	0.0000
video_test_0000569	0.253	4.967	7	0.0000
video_test_0000569	48.505	49.035	24	0.0000
video_test_0000569	47.885	48.669	12	0.0000
video_test_0000569	1.869	2.396	23	0.0000
video_test_0000353	27.645	28.915	23	0.9542
video_test_0000353	34.938	36.017	23	0.8973
video_test_0000353	49.042	50.067	24	0.8765
video_test_0000353	51.324	52.202	24	0.7686
video_test_0000353	50.537	51.188	23	0.2953
video_test_0000353	42.459	43.501	24	0.2803
video_test_0000353	31.694	32.687	23	0.0541
video_test_0000353	32.387	33.926	24	0.0161
video_test_0000353	46.949	47.642	23	0.0059
video_test_0000353	41.113	42.299	24	0.0059
video_test_0000353	33.582	34.275	23	0.0016
video_test_0000353	29.963	30.990	23	0.0009
video_test_0000353	48.019	49.025	24	0.0003
video_test_0000353	34.133	34.766	24	0.0000
video_test_0000353	30.771	31.787	23	0.0000
video_test_0000353	37.703	38.749	24	0.0000
video_test_0000353	29.025	29.894	24	0.0000
video_test_0000353	42.187	42.563	23	0.0000
video_test_0000353	36.184	36.731	23	0.0000
video_test_0000353	46.536	47.055	31	0.0000
video_test_0000353	40.739	41.153	23	0.0000
video_test_0000353	52.031	52.555	24	0.0000
video_test_0000353	45.667	50.996	24	0.0000
video_test_0000353	38.433	39.485	23	0.0000
video_test_0000353	47.719	48.217	23	0.0000
video_test_0001463	71.355	72.782	97	0.0008
video_test_0001463	70.395	79.298	31	0.0001
video_test_0001463	73.222	74.012	24	0.0000
video_test_0001463	72.757	73.297	97	0.0000
video_test_0000461	80.845	82.653	26	0.9614
video_test_0000461	82.244	83.238	26	0.0000
video_test_0000807	71.049	72.703	26	0.8856
video_test_0000807	70.425	71.247	26	0.0017
video_test_0000807	64.729	75.342	26	0.0000
video_test_0001064	224.679	226.173	9	0.9997
video_test_0001064	96.107	97.640	9	0.9997
video_test_0001064	112.982	114.552	9	0.9987
video_test_0001064	54.309	55.799	9	0.9978
video_test_0001064	176.515	178.491	9	0.9933
video_test_0001064	179.482	181.266	9	0.9864
video_test_0001064	192.273	193.752	9	0.9861
video_test_0001064	203.975	205.744	9	0.9522
video_test_0001064	88.210	89.639	9	0.9504
video_test_0001064	91.101	92.470	9	0.9451
video_test_0001064	81.859	83.421	9	0.9007
video_test_0001064	132.206	133.466	9	0.8122
video_test_0001064	78.505	79.740	9	0.7501
video_test_0001064	201.673	203.378	9	0.4592
video_test_0001064	160.287	161.705	9	0.0937
video_test_0001064	119.902	120.920	9	0.0426
video_test_0001064	76.202	78.621	9	0.0010
video_test_0001064	95.253	96.570	9	0.0000
video_test_0001064	76.800	77.226	31	0.0000
video_test_0001064	127.711	132.878	9	0.0000
video_test_0001064	117.734	123.042	9	0.0000
video_test_0001064	112.594	113.370	9	0.0000
video_test_0001064	119.467	120.025	31	0.0000
video_test_0001064	179.200	179.816	97	0.0000
video_test_0001064	225.882	226.308	9	0.0000
video_test_0001064	120.772	121.658	9	0.0000
video_test_0001064	161.445	162.133	26	0.0000
video_test_0001064	77.886	78.297	9	0.0000
video_test_0001164	712.080	714.892	36	0.0698
video_test_0001164	708.296	709.426	85	0.0115
video_test_0001164	704.693	708.946	85	0.0000
video_test_0001389	19.039	20.265	92	0.1748
video_test_0001389	22.039	23.594	31	0.0215
video_test_0001389	19.832	21.233	92	0.0054
video_test_0001389	23.287	24.129	31	0.0000
video_test_0000004	0.921	1.670	24	0.9982
video_test_0000004	26.872	29.470	24	0.0269
video_test_0000004	0.100	0.729	23	0.0001
video_test_0000004	29.030	33.295	24	0.0000
video_test_0000004	1.752	11.674	31	0.0000
video_test_0000004	28.458	28.820	12	0.0000
video_test_0000004	30.416	31.138	31	0.0000
video_test_0000004	0.573	1.094	23	0.0000
video_test_0000004	29.842	30.617	31	0.0000
video_test_0000004	31.529	32.257	23	0.0000
video_test_0000004	29.441	29.816	31	0.0000
video_test_0000004	31.039	31.604	9	0.0000
video_test_0000004	28.894	29.312	12	0.0000
video_test_0000004	11.037	12.116	9	0.0000
video_test_0000004	11.912	12.577	9	0.0000
video_test_0001549	6.714	7.529	31	0.0769
video_test_0001549	6.129	6.498	92	0.0121
video_test_0001549	6.419	6.858	92	0.0048
video_test_0001549	4.661	5.400	9	0.0003
video_test_0001549	5.245	5.999	31	0.0000
video_test_0000756	19.419	20.329	92	0.9040
video_test_0000756	13.227	14.967	92	0.6211
video_test_0000756	31.087	32.210	92	0.1990
video_test_0000756	34.487	35.728	92	0.0011
video_test_0000756	22.772	24.402	92	0.0008
video_test_0000756	12.745	13.350	92	0.0002
video_test_0000756	19.092	19.418	92	0.0000
video_test_0000756	31.009	31.321	92	0.0000
video_test_0000756	22.692	22.978	92	0.0000
video_test_0000756	11.819	12.585	92	0.0000
video_test_0000756	30.772	31.076	92	0.0000
video_test_0000756	25.935	31.316	92	0.0000
video_test_0000756	32.015	32.435	12	0.0000
video_test_0000756	18.727	19.156	92	0.0000
video_test_0000756	34.161	34.544	12	0.0000
video_test_0000940	68.299	69.195	9	0.0005
video_test_0000940	89.085	91.031	22	0.0000
video_test_0000940	69.048	70.093	9	0.0000
video_test_0000940	67.817	68.499	31	0.0000
video_test_0000940	88.873	89.484	22	0.0000
video_test_0000991	37.863	40.387	31	0.2754
video_test_0000991	40.026	42.550	31	0.0000
video_test_0000991	40.005	40.431	12	0.0000
video_test_0001484	142.985	144.049	31	0.0004
video_test_0001484	142.237	143.268	85	0.0000
video_test_0001039	217.251	218.815	40	0.0000
video_test_0001039	218.412	219.780	79	0.0000
video_test_0000560	34.758	36.178	9	0.9999
video_test_0000560	19.975	21.185	9	0.9664
video_test_0000560	8.342	9.544	9	0.9431
video_test_0000560	9.358	9.768	9	0.0000
video_test_0000560	19.775	20.136	9	0.0000
video_test_0000560	9.674	10.016	9	0.0000
video_test_0000560	6.294	14.892	22	0.0000
video_test_0000560	27.706	37.771	31	0.0000
video_test_0000560	35.963	36.836	9	0.0000
video_test_0000560	14.162	23.305	22	0.0000
video_test_0000560	35.334	44.737	31	0.0000
video_test_0000798	87.108	90.030	23	0.0014
video_test_0000798	89.486	92.257	23	0.0000
video_test_0000798	87.577	88.051	31	0.0000
video_test_0000798	88.059	88.553	31	0.0000
video_test_0000798	89.005	89.482	31	0.0000
video_test_0000798	88.456	88.991	31	0.0000
video_test_0000798	86.938	87.472	31	0.0000
video_test_0001532	220.353	221.949	26	0.5298
video_test_0001532	216.637	221.252	26	0.0000
video_test_0001496	80.021	82.743	31	0.9895
video_test_0001496	97.506	99.773	31	0.9506
video_test_0001496	109.978	111.223	31	0.8899
video_test_0001496	19.969	20.801	31	0.3762
video_test_0001496	57.366	58.266	31	0.2401
video_test_0001496	20.572	21.444	31	0.0025
video_test_0001496	137.115	143.197	31	0.0025
video_test_0001496	129.497	130.295	31	0.0000
video_test_0001496	80.163	80.700	92	0.0000
video_test_0001496	58.491	58.886	31	0.0000
video_test_0001496	19.391	20.057	12	0.0000
video_test_0001496	98.392	110.136	31	0.0000
video_test_0001496	141.131	142.090	31	0.0000
video_test_0001496	81.290	81.672	92	0.0000
video_test_0001496	109.607	110.229	31	0.0000
video_test_0001496	13.891	25.002	31	0.0000
video_test_0001496	142.370	142.809	31	0.0000
video_test_0001496	90.525	91.360	31	0.0000
video_test_0001496	80.815	81.272	12	0.0000
video_test_0001496	79.410	80.202	31	0.0000
video_test_0001496	89.524	90.174	31	0.0000
video_test_0001496	90.098	90.671	31	0.0000
video_test_0000374	88.557	90.197	92	0.0241
video_test_0000374	3.020	3.847	92	0.0238
video_test_0000374	3.675	5.167	92	0.0000
video_test_0000374	89.920	90.749	31	0.0000
video_test_0000374	81.601	93.512	36	0.0000
video_test_0000691	159.933	160.428	31	0.0000
video_test_0000691	160.279	160.835	9	0.0000
video_test_0000691	160.811	161.173	9	0.0000
video_test_0001558	36.029	45.968	22	0.0007
video_test_0001558	78.104	88.848	22	0.0003
video_test_0001558	87.206	96.985	22	0.0000
video_test_0001558	44.678	47.289	22	0.0000
video_test_0001558	88.329	89.286	9	0.0000
video_test_0001558	87.264	88.091	9	0.0000
video_test_0001558	46.474	51.786	22	0.0000
video_test_0001558	45.043	45.552	9	0.0000
video_test_0001558	87.976	88.529	12	0.0000
video_test_0001257	150.385	151.748	9	1.0000
video_test_0001257	154.660	156.104	9	1.0000
video_test_0001257	117.096	118.279	9	0.9997
video_test_0001257	120.017	121.468	9	0.9992
video_test_0001257	189.876	191.083	9	0.9980
video_test_0001257	94.061	95.317	9	0.9957
video_test_0001257	113.081	114.737	9	0.9952
video_test_0001257	128.525	129.160	9	0.9918
video_test_0001257	49.908	51.353	9	0.9916
video_test_0001257	140.505	141.921	9	0.8996
video_test_0001257	80.372	81.025	9	0.8947
video_test_0001257	180.574	181.934	9	0.8511
video_test_0001257	176.812	178.145	9	0.7043
video_test_0001257	68.276	68.975	9	0.6563
video_test_0001257	128.949	129.778	9	0.4120
video_test_0001257	134.929	135.701	9	0.3084
video_test_0001257	130.209	131.436	9	0.2758
video_test_0001257	225.519	226.826	9	0.2097
video_test_0001257	238.168	239.763	9	0.2021
video_test_0001257	74.587	75.342	9	0.1713
video_test_0001257	99.345	100.588	9	0.1651
video_test_0001257	125.145	126.137	9	0.1349
video_test_0001257	171.730	172.394	9	0.0515
video_test_0001257	62.166	64.530	9	0.0328
video_test_0001257	159.754	160.687	9	0.0251
video_test_0001257	55.341	56.886	9	0.0233
video_test_0001257	56.864	57.794	9	0.0140
video_test_0001257	58.586	59.365	9	0.0135
video_test_0001257	136.831	137.709	9	0.0118
video_test_0001257	88.667	89.407	9	0.0110
video_test_0001257	143.971	145.433	9	0.0068
video_test_0001257	132.907	134.251	9	0.0059
video_test_0001257	151.356	152.404	9	0.0036
video_test_0001257	122.475	123.792	9	0.0035
video_test_0001257	69.082	69.979	9	0.0026
video_test_0001257	160.396	161.292	9	0.0025
video_test_0001257	190.810	191.714	9	0.0005
video_test_0001257	75.044	76.508	9	0.0004
video_test_0001257	239.433	240.222	9	0.0003
video_test_0001257	135.817	136.519	9	0.0003
video_test_0001257	88.019	88.738	9	0.0002
video_test_0001257	128.016	128.744	9	0.0001
video_test_0001257	67.558	68.201	9	0.0001
video_test_0001257	95.167	95.724	9	0.0000
video_test_0001257	46.636	49.170	9	0.0000
video_test_0001257	100.341	100.736	9	0.0000
video_test_0001257	145.067	146.394	9	0.0000
video_test_0001257	161.281	162.216	9	0.0000
video_test_0001257	8.557	10.080	9	0.0000
video_test_0001257	172.248	172.795	9	0.0000
video_test_0001257	118.076	118.932	9	0.0000
video_test_0001257	80.818	81.502	9	0.0000
video_test_0001257	63.296	63.749	9	0.0000
video_test_0001257	64.280	64.819	9	0.0000
video_test_0001257	116.561	117.044	9	0.0000
video_test_0001257	157.954	164.042	9	0.0000
video_test_0001257	79.445	80.136	9	0.0000
video_test_0001257	132.682	133.119	9	0.0000
video_test_0001257	122.139	122.605	9	0.0000
video_test_0001257	154.405	154.955	9	0.0000
video_test_0000045	130.147	132.907	93	0.5122
video_test_0000045	129.802	130.377	93	0.0000
video_test_0000045	130.745	131.074	93	0.0000
video_test_0000045	129.238	129.831	93	0.0000
video_test_0000045	131.306	131.680	93	0.0000
video_test_0001508	96.084	97.363	31	0.3407
video_test_0001508	128.089	130.272	31	0.0027
video_test_0001508	94.674	95.956	31	0.0015
video_test_0001508	129.994	131.405	31	0.0008
video_test_0001460	2.091	3.380	23	0.9460
video_test_0001460	14.489	16.818	24	0.0004
video_test_0001460	3.564	6.229	24	0.0000
video_test_0001460	14.142	14.855	23	0.0000
video_test_0001460	1.851	2.362	23	0.0000
video_test_0001460	3.464	3.962	9	0.0000
video_test_0000556	34.125	39.868	12	0.9971
video_test_0000556	21.240	27.215	12	0.9850
video_test_0000556	61.359	67.038	12	0.9591
video_test_0000556	4.838	6.309	12	0.2425
video_test_0000556	33.642	35.175	12	0.0775
video_test_0000556	21.092	21.878	12	0.0000
video_test_0000556	62.530	63.613	12	0.0000
video_test_0000556	4.487	5.007	12	0.0000
video_test_0000556	21.786	22.458	12	0.0000
video_test_0000556	62.083	62.722	12	0.0000
video_test_0000556	34.952	35.764	12	0.0000
video_test_0000556	32.258	34.133	31	0.0000
video_test_0000556	22.335	22.873	12	0.0000
video_test_0001075	37.952	42.561	12	0.5396
video_test_0001075	28.592	29.362	12	0.2183
video_test_0001075	57.766	62.883	12	0.0459
video_test_0001075	15.764	17.236	12	0.0370
video_test_0001075	76.800	81.698	12	0.0275
video_test_0001075	200.772	202.074	12	0.0260
video_test_0001075	177.459	182.682	12	0.0150
video_test_0001075	64.074	65.563	12	0.0131
video_test_0001075	159.792	160.589	12	0.0070
video_test_0001075	126.314	127.730	12	0.0060
video_test_0001075	83.960	86.916	12	0.0051
video_test_0001075	83.208	84.601	12	0.0034
video_test_0001075	89.095	94.347	12	0.0020
video_test_0001075	136.863	139.924	12	0.0014
video_test_0001075	157.409	162.828	12	0.0014
video_test_0001075	182.587	184.290	12	0.0003
video_test_0001075	15.391	16.128	12	0.0003
video_test_0001075	95.498	97.911	12	0.0002
video_test_0001075	94.789	95.510	12	0.0002
video_test_0001075	64.885	67.984	12	0.0001
video_test_0001075	159.516	159.938	12	0.0000
video_test_0001075	57.422	58.163	12	0.0000
video_test_0001075	177.021	177.959	12	0.0000
video_test_0001075	76.808	77.398	12	0.0000
video_test_0001075	159.241	159.615	12	0.0000
video_test_0001075	27.240	28.699	12	0.0000
video_test_0001075	82.150	83.637	12	0.0000
video_test_0001075	125.271	126.013	12	0.0000
video_test_0001075	76.011	76.800	26	0.0000
video_test_0001075	182.477	182.873	12	0.0000
video_test_0001075	65.319	65.723	12	0.0000
video_test_0001075	125.911	126.302	12	0.0000
video_test_0001075	88.704	90.199	12	0.0000
video_test_0001075	94.375	94.985	12	0.0000
video_test_0001075	38.940	39.492	12	0.0000
video_test_0001075	90.938	91.869	12	0.0000
video_test_0001075	77.284	77.802	12	0.0000
video_test_0001075	58.145	58.557	12	0.0000
video_test_0001075	57.150	57.551	12	0.0000
video_test_0001075	200.509	200.965	12	0.0000
video_test_0001075	91.621	92.538	12	0.0000
video_test_0000270	0.172	2.434	31	0.0000
video_test_0000601	18.160	19.028	9	0.9951
video_test_0000601	222.618	223.692	9	0.9946
video_test_0000601	417.962	419.161	9	0.9301
video_test_0000601	103.120	104.436	9	0.6573
video_test_0000601	145.668	146.392	9	0.0184
video_test_0000601	292.268	293.490	9	0.0085
video_test_0000601	410.554	411.954	9	0.0079
video_test_0000601	411.516	413.902	9	0.0009
video_test_0000601	419.045	419.515	26	0.0002
video_test_0000601	102.487	103.299	9	0.0001
video_test_0000601	10.529	18.770	31	0.0001
video_test_0000601	145.067	145.540	24	0.0001
video_test_0000601	221.867	222.642	9	0.0000
video_test_0000601	18.981	19.372	9	0.0000
video_test_0000601	17.507	18.401	9	0.0000
video_test_0000179	140.780	142.371	9	1.0000
video_test_0000179	153.522	155.121	9	1.0000
video_test_0000179	36.095	37.614	9	0.9999
video_test_0000179	120.631	121.711	9	0.9997
video_test_0000179	104.246	105.611	9	0.9975
video_test_0000179	88.870	90.538	9	0.9969
video_test_0000179	96.705	97.593	9	0.9763
video_test_0000179	80.550	81.317	9	0.9554
video_test_0000179	57.606	59.011	9	0.7619
video_test_0000179	8.218	9.638	9	0.6665
video_test_0000179	45.083	46.698	9	0.4181
video_test_0000179	92.920	94.474	9	0.3142
video_test_0000179	101.353	102.581	9	0.3098
video_test_0000179	105.474	106.139	9	0.0162
video_test_0000179	76.296	76.990	9	0.0087
video_test_0000179	34.542	35.372	9	0.0004
video_test_0000179	17.763	18.607	9	0.0001
video_test_0000179	76.021	76.471	9	0.0000
video_test_0000179	76.912	77.694	9	0.0000
video_test_0000179	79.353	80.102	9	0.0000
video_test_0000179	18.521	19.263	9	0.0000
video_test_0000179	80.086	80.795	9	0.0000
video_test_0000179	102.400	102.862	24	0.0000
video_test_0000179	17.106	18.056	9	0.0000
video_test_0000179	96.027	96.915	9	0.0000
video_test_0000179	76.823	81.459	9	0.0000
video_test_0000179	34.133	34.574	9	0.0000
video_test_0000179	57.076	57.826	9	0.0000
video_test_0000179	37.127	42.305	9	0.0000
video_test_0000179	154.933	155.755	9	0.0000
video_test_0000179	96.810	102.082	9	0.0000
video_test_0000179	7.405	8.160	9	0.0000
video_test_0000179	120.049	120.860	9	0.0000
video_test_0000179	97.407	97.760	9	0.0000
video_test_0000179	8.029	8.506	9	0.0000
video_test_0000179	44.813	45.342	9	0.0000
video_test_0001040	49.265	51.950	79	0.9628
video_test_0001040	150.619	156.322	79	0.0259
video_test_0001040	116.497	119.050	79	0.0000
video_test_0001040	155.080	157.952	79	0.0000
video_test_0001040	51.200	51.612	24	0.0000
video_test_0001040	156.953	157.524	9	0.0000
video_test_0001040	117.167	117.649	9	0.0000
video_test_0001040	49.934	50.363	93	0.0000
video_test_0001040	116.032	116.820	12	0.0000
video_test_0001201	24.427	25.706	40	0.0003
video_test_0001201	382.813	384.627	40	0.0002
video_test_0001201	381.575	383.352	40	0.0000
video_test_0001201	384.294	385.169	97	0.0000
video_test_0000558	85.000	90.760	12	0.9717
video_test_0000558	60.462	65.256	12	0.7622
video_test_0000558	148.812	154.796	12	0.6982
video_test_0000558	194.520	200.289	12	0.3718
video_test_0000558	186.781	192.141	12	0.2454
video_test_0000558	93.971	98.908	12	0.1002
video_test_0000558	186.316	187.815	12	0.0024
video_test_0000558	107.702	117.975	12	0.0014
video_test_0000558	124.812	126.390	12	0.0008
video_test_0000558	148.182	149.863	12	0.0008
video_test_0000558	80.234	86.342	12	0.0001
video_test_0000558	78.537	80.115	12	0.0001
video_test_0000558	47.596	49.315	12	0.0001
video_test_0000558	93.867	94.358	12	0.0000
video_test_0000558	125.720	128.839	12	0.0000
video_test_0000558	194.012	195.772	12	0.0000
video_test_0000558	85.333	86.086	12	0.0000
video_test_0000558	109.205	110.847	12	0.0000
video_test_0000558	192.909	194.495	12	0.0000
video_test_0000558	184.207	186.681	12	0.0000
video_test_0000558	178.342	179.200	12	0.0000
video_test_0000558	187.478	188.433	12	0.0000
video_test_0000558	177.739	178.399	12	0.0000
video_test_0000558	94.281	95.138	12	0.0000
video_test_0000558	108.672	109.364	12	0.0000
video_test_0000558	124.602	124.981	12	0.0000
video_test_0000558	125.731	125.981	12	0.0000
video_test_0000558	78.273	78.851	12	0.0000
video_test_0000558	64.489	66.206	12	0.0000
video_test_0000558	147.610	148.398	12	0.0000
video_test_0000558	62.741	63.555	12	0.0000
video_test_0000558	86.070	87.056	12	0.0000
video_test_0001358	193.501	194.466	23	0.9982
video_test_0001358	0.687	3.016	24	0.0021
video_test_0001358	181.687	183.219	24	0.0011
video_test_0001358	194.749	196.031	24	0.0002
video_test_0001358	0.000	0.351	24	0.0001
video_test_0001358	1.961	2.254	24	0.0000
video_test_0001358	0.129	1.165	24	0.0000
video_test_0001358	1.710	1.928	24	0.0000
video_test_0001358	180.829	181.249	24	0.0000
video_test_0001358	2.141	2.544	24	0.0000
video_test_0001358	176.856	185.484	45	0.0000
video_test_0001358	181.376	181.833	24	0.0000
video_test_0001358	1.130	1.474	24	0.0000
video_test_0001324	119.697	124.067	7	0.6947
video_test_0001324	131.049	131.930	23	0.0099
video_test_0001324	141.769	143.056	24	0.0094
video_test_0001324	145.145	147.477	24	0.0013
video_test_0001324	136.533	137.249	31	0.0004
video_test_0001324	136.792	139.091	7	0.0000
video_test_0001324	145.067	145.546	24	0.0000
video_test_0001324	119.467	120.296	24	0.0000
video_test_0001324	144.383	144.979	31	0.0000
video_test_0001324	132.184	132.716	12	0.0000
video_test_0001324	143.255	144.178	23	0.0000
video_test_0001324	120.254	121.096	12	0.0000
video_test_0001324	131.704	132.251	12	0.0000
video_test_0001324	138.842	139.859	31	0.0000
video_test_0001324	120.951	121.772	12	0.0000
video_test_0001324	145.413	145.820	12	0.0000
video_test_0000426	78.898	80.136	97	0.9961
video_test_0000426	52.336	53.769	97	0.9711
video_test_0000426	34.776	36.113	97	0.9040
video_test_0000426	63.422	64.153	9	0.0084
video_test_0000426	100.574	101.383	97	0.0043
video_test_0000426	99.230	100.487	31	0.0011
video_test_0000426	45.333	54.919	31	0.0001
video_test_0000426	78.387	79.103	97	0.0000
video_test_0000426	80.096	80.437	26	0.0000
video_test_0000426	34.190	34.902	31	0.0000
video_test_0000426	35.834	37.040	31	0.0000
video_test_0000426	64.395	65.217	31	0.0000
video_test_0000026	89.524	90.986	92	0.9978
video_test_0000026	84.368	85.808	92	0.9908
video_test_0000026	161.134	162.591	92	0.9801
video_test_0000026	151.637	153.090	92	0.9598
video_test_0000026	148.376	149.890	92	0.8946
video_test_0000026	81.138	82.551	92	0.7984
video_test_0000026	157.968	159.168	92	0.6901
video_test_0000026	142.706	144.123	92	0.5406
video_test_0000026	179.432	179.829	92	0.4142
video_test_0000026	192.597	194.261	92	0.3269
video_test_0000026	52.187	53.606	92	0.3149
video_test_0000026	75.983	76.789	92	0.2675
video_test_0000026	185.127	186.868	92	0.1830
video_test_0000026	66.003	67.399	92	0.1339
video_test_0000026	178.192	179.675	92	0.1076
video_test_0000026	154.219	156.715	92	0.0811
video_test_0000026	204.536	205.164	92	0.0728
video_test_0000026	53.500	53.817	92	0.0554
video_test_0000026	176.405	177.053	92	0.0549
video_test_0000026	119.985	121.458	92	0.0477
video_test_0000026	186.424	187.824	92	0.0410
video_test_0000026	194.993	197.701	92	0.0370
video_test_0000026	122.673	124.351	92	0.0170
video_test_0000026	78.114	79.470	92	0.0161
video_test_0000026	189.449	191.034	92	0.0104
video_test_0000026	173.410	178.353	92	0.0031
video_test_0000026	195.739	196.239	92	0.0021
video_test_0000026	52.365	52.647	92	0.0014
video_test_0000026	52.112	52.331	93	0.0010
video_test_0000026	85.653	86.075	92	0.0008
video_test_0000026	53.909	54.268	92	0.0008
video_test_0000026	205.480	205.743	92	0.0001
video_test_0000026	152.875	153.645	92	0.0001
video_test_0000026	179.711	180.194	92	0.0001
video_test_0000026	162.133	163.469	92	0.0001
video_test_0000026	196.280	196.705	92	0.0001
video_test_0000026	79.332	79.671	92	0.0001
video_test_0000026	76.613	76.942	92	0.0001
video_test_0000026	81.442	81.717	92	0.0001
video_test_0000026	187.733	188.601	31	0.0001
video_test_0000026	51.253	52.012	93	0.0001
video_test_0000026	85.507	85.752	92	0.0001
video_test_0000026	152.650	152.920	92	0.0000
video_test_0000026	124.031	124.895	92	0.0000
video_test_0000026	177.086	177.490	92	0.0000
video_test_0000026	148.904	149.163	92	0.0000
video_test_0000026	190.733	191.575	31	0.0000
video_test_0000026	205.214	205.534	92	0.0000
video_test_0000026	82.279	82.657	92	0.0000
video_test_0000026	42.667	43.066	92	0.0000
video_test_0000026	84.694	84.982	92	0.0000
video_test_0000026	54.189	54.547	92	0.0000
video_test_0000026	124.597	126.235	92	0.0000
video_test_0000026	150.101	151.477	92	0.0000
video_test_0000026	51.885	52.191	93	0.0000
video_test_0000026	85.207	85.477	92	0.0000
video_test_0000026	75.520	75.984	33	0.0000
video_test_0000026	142.489	142.825	93	0.0000
video_test_0000026	159.222	160.101	92	0.0000
video_test_0000026	159.092	159.419	92	0.0000
video_test_0000026	149.655	149.926	92	0.0000
video_test_0000026	152.124	152.410	92	0.0000
video_test_0000026	156.372	156.770	92	0.0000
video_test_0000026	155.579	155.916	92	0.0000
video_test_0000026	155.227	155.582	92	0.0000
video_test_0000026	155.872	156.116	92	0.0000
video_test_0000026	193.877	194.813	92	0.0000
video_test_0000026	79.542	79.997	92	0.0000
video_test_0000026	156.120	156.425	92	0.0000
video_test_0000026	90.768	91.147	92	0.0000
video_test_0000026	121.766	122.358	92	0.0000
video_test_0000026	179.992	181.565	92	0.0000
video_test_0000026	196.809	197.169	92	0.0000
video_test_0001339	83.165	84.737	22	0.9908
video_test_0001339	124.427	125.825	22	0.9759
video_test_0001339	125.677	126.885	22	0.3264
video_test_0001339	90.746	91.912	22	0.1085
video_test_0001339	80.574	83.199	22	0.0144
video_test_0001339	27.597	28.940	22	0.0021
video_test_0001339	91.736	93.009	22	0.0001
video_test_0001339	82.364	82.846	22	0.0000
video_test_0001339	84.464	85.240	22	0.0000
video_test_0001339	28.626	29.839	22	0.0000
video_test_0001339	82.688	83.527	22	0.0000
video_test_0001339	114.717	115.538	9	0.0000
video_test_0001339	115.467	118.073	22	0.0000
video_test_0001339	110.933	112.156	22	0.0000
video_test_0001339	29.749	30.493	9	0.0000
video_test_0000981	4.202	4.993	23	0.8166
video_test_0000981	0.676	5.097	7	0.0000
video_test_0000981	3.821	4.314	23	0.0000
video_test_0000448	58.524	60.464	24	0.9949
video_test_0000448	15.954	16.753	23	0.0063
video_test_0000448	16.266	19.169	24	0.0016
video_test_0000448	12.398	16.475	45	0.0000
video_test_0000448	17.067	17.515	24	0.0000
video_test_0000448	62.535	64.175	24	0.0000
video_test_0000448	15.483	16.143	24	0.0000
video_test_0000903	152.690	153.991	9	1.0000
video_test_0000903	240.152	241.909	9	1.0000
video_test_0000903	161.793	163.396	9	0.9997
video_test_0000903	227.326	228.945	9	0.9992
video_test_0000903	222.825	226.052	9	0.9991
video_test_0000903	265.296	266.821	9	0.9991
video_test_0000903	176.771	178.380	9	0.9982
video_test_0000903	27.988	29.533	9	0.9965
video_test_0000903	272.820	274.455	9	0.9964
video_test_0000903	165.412	166.942	9	0.9962
video_test_0000903	197.528	199.060	9	0.9883
video_test_0000903	258.016	259.622	9	0.9747
video_test_0000903	149.157	150.909	9	0.9722
video_test_0000903	47.329	48.757	9	0.9670
video_test_0000903	40.721	42.224	9	0.9170
video_test_0000903	293.487	295.050	9	0.8493
video_test_0000903	220.281	221.964	9	0.7756
video_test_0000903	230.441	232.018	9	0.6212
video_test_0000903	38.237	39.701	9	0.4250
video_test_0000903	201.007	202.686	9	0.1821
video_test_0000903	189.471	191.071	9	0.0160
video_test_0000903	139.249	140.751	9	0.0030
video_test_0000903	281.611	282.544	9	0.0008
video_test_0000903	90.161	91.759	9	0.0007
video_test_0000903	89.565	90.411	9	0.0006
video_test_0000903	280.857	281.600	9	0.0002
video_test_0000903	251.313	252.757	9	0.0000
video_test_0000903	138.722	139.084	9	0.0000
video_test_0000903	228.622	229.020	9	0.0000
video_test_0000903	221.867	222.288	24	0.0000
video_test_0000903	239.462	240.009	31	0.0000
video_test_0000903	153.600	154.863	9	0.0000
video_test_0000903	240.357	240.670	31	0.0000
video_test_0000903	138.983	139.407	9	0.0000
video_test_0000903	148.815	149.339	9	0.0000
video_test_0001522	33.927	35.422	92	0.0254
video_test_0001522	13.717	15.028	92	0.0162
video_test_0001522	18.952	21.987	92	0.0053
video_test_0001522	17.043	18.532	92	0.0043
video_test_0001522	1.176	2.587	92	0.0009
video_test_0001522	23.116	24.548	92	0.0003
video_test_0001522	25.761	27.099	92	0.0001
video_test_0001522	15.660	17.067	92	0.0000
video_test_0001522	24.744	25.325	12	0.0000
video_test_0001522	34.711	34.969	92	0.0000
video_test_0001522	27.002	27.799	31	0.0000
video_test_0001522	3.917	5.523	31	0.0000
video_test_0001522	34.436	34.676	92	0.0000
video_test_0001522	24.268	24.645	92	0.0000
video_test_0001522	20.557	21.067	92	0.0000
video_test_0001522	35.224	36.675	31	0.0000
video_test_0001522	10.292	11.846	31	0.0000
video_test_0001522	19.389	19.933	12	0.0000
video_test_0001522	19.783	20.266	12	0.0000
video_test_0001522	34.182	45.029	31	0.0000
video_test_0001522	16.790	17.329	12	0.0000
video_test_0001522	2.236	3.168	31	0.0000
video_test_0001522	13.003	13.597	12	0.0000
video_test_0001522	11.468	13.029	31	0.0000
video_test_0001522	21.029	21.554	92	0.0000
video_test_0001522	9.390	10.446	12	0.0000
video_test_0001391	263.971	266.986	45	0.0316
video_test_0000273	17.925	18.729	92	0.4134
video_test_0000273	26.438	27.868	24	0.2902
video_test_0000273	16.850	18.220	24	0.2714
video_test_0000273	39.237	40.807	24	0.0986
video_test_0000273	117.914	119.393	24	0.0873
video_test_0000273	43.019	43.747	24	0.0015
video_test_0000273	77.604	78.303	24	0.0004
video_test_0000273	106.658	107.403	24	0.0000
video_test_0000273	16.351	17.067	23	0.0000
video_test_0000273	27.584	28.388	31	0.0000
video_test_0000273	105.941	106.303	24	0.0000
video_test_0000273	41.229	42.557	24	0.0000
video_test_0000273	42.667	43.095	24	0.0000
video_test_0000273	39.203	39.554	24	0.0000
video_test_0000273	52.526	53.389	24	0.0000
video_test_0000273	106.393	106.766	24	0.0000
video_test_0000273	117.644	118.037	24	0.0000
video_test_0000273	117.393	117.711	24	0.0000
video_test_0000273	77.077	81.612	12	0.0000
video_test_0000273	41.469	46.844	24	0.0000
video_test_0001168	80.080	81.497	92	0.5491
video_test_0001168	97.699	100.265	92	0.1670
video_test_0001168	103.348	104.510	92	0.0162
video_test_0001168	79.497	80.347	92	0.0004
video_test_0001168	80.647	92.463	36	0.0000
video_test_0001168	78.810	79.711	92	0.0000
video_test_0001168	98.477	98.917	92	0.0000
video_test_0001168	98.806	99.208	92	0.0000
video_test_0001168	104.591	105.324	31	0.0000
video_test_0001168	70.999	84.641	36	0.0000
video_test_0001268	63.138	64.076	9	0.0040
video_test_0001268	66.656	68.146	31	0.0012
video_test_0001268	67.993	69.581	79	0.0000
video_test_0001268	62.784	63.329	31	0.0000
video_test_0001268	62.372	62.970	31	0.0000
video_test_0001268	63.950	64.692	12	0.0000
video_test_0000786	54.238	54.941	24	0.8372
video_test_0000786	53.656	58.882	24	0.0000
video_test_0000549	22.184	23.688	23	0.9986
video_test_0000549	10.945	11.666	23	0.9967
video_test_0000549	23.656	24.568	24	0.0082
video_test_0000549	10.299	10.961	23	0.0000
video_test_0000549	21.853	22.366	23	0.0000
video_test_0000367	200.074	202.596	79	0.0077
video_test_0000367	199.348	200.688	79	0.0005
video_test_0000367	68.316	73.008	79	0.0001
video_test_0000367	103.636	104.606	9	0.0000
video_test_0000367	91.243	93.634	79	0.0000
video_test_0000367	70.268	70.994	9	0.0000
video_test_0000367	69.828	70.425	12	0.0000
video_test_0000367	200.564	201.056	31	0.0000
video_test_0000367	69.231	69.776	12	0.0000
video_test_0000796	53.522	55.760	24	0.9451
video_test_0000796	89.463	90.816	24	0.3299
video_test_0000796	120.848	121.700	23	0.1377
video_test_0000796	30.497	31.957	23	0.0780
video_test_0000796	76.979	79.188	23	0.0191
video_test_0000796	69.440	74.091	7	0.0143
video_test_0000796	10.565	13.019	24	0.0047
video_test_0000796	61.213	62.124	23	0.0044
video_test_0000796	23.103	24.508	24	0.0042
video_test_0000796	47.253	47.980	23	0.0021
video_test_0000796	104.813	105.699	23	0.0021
video_test_0000796	43.253	47.461	7	0.0008
video_test_0000796	24.258	25.357	24	0.0003
video_test_0000796	105.444	106.679	24	0.0002
video_test_0000796	12.479	13.865	23	0.0001
video_test_0000796	31.739	32.628	23	0.0000
video_test_0000796	47.894	48.663	23	0.0000
video_test_0000796	59.777	61.223	24	0.0000
video_test_0000796	78.697	79.633	23	0.0000
video_test_0000796	29.712	30.574	23	0.0000
video_test_0000796	60.393	65.009	7	0.0000
video_test_0000796	53.166	54.007	23	0.0000
video_test_0000796	72.906	73.721	23	0.0000
video_test_0000796	121.648	122.465	23	0.0000
video_test_0000796	90.600	91.185	23	0.0000
video_test_0000796	46.907	47.426	23	0.0000
video_test_0000796	73.957	74.807	23	0.0000
video_test_0000796	105.800	110.908	33	0.0000
video_test_0000796	71.850	72.741	23	0.0000
video_test_0000796	103.927	104.763	23	0.0000
video_test_0000796	46.352	46.932	23	0.0000
video_test_0000796	73.500	74.088	12	0.0000
video_test_0000796	96.586	106.304	31	0.0000
video_test_0000423	130.609	132.117	92	0.9977
video_test_0000423	120.311	121.543	92	0.3763
video_test_0000423	125.661	127.007	92	0.1822
video_test_0000423	63.825	65.428	92	0.1594
video_test_0000423	127.225	130.377	92	0.0335
video_test_0000423	122.563	123.956	92	0.0105
video_test_0000423	123.436	126.088	92	0.0094
video_test_0000423	128.385	128.682	92	0.0083
video_test_0000423	128.163	128.448	92	0.0002
video_test_0000423	123.716	124.037	92	0.0000
video_test_0000423	121.438	121.805	92	0.0000
video_test_0000423	130.856	131.117	92	0.0000
video_test_0000423	128.777	129.164	92	0.0000
video_test_0000423	63.828	64.067	92	0.0000
video_test_0000423	63.565	63.865	92	0.0000
video_test_0000423	130.495	130.792	92	0.0000
video_test_0000423	129.853	130.311	92	0.0000
video_test_0000423	122.183	122.839	92	0.0000
video_test_0000405	174.209	176.068	24	0.6007
video_test_0000405	164.674	166.107	92	0.4666
video_test_0000405	148.339	149.746	92	0.2557
video_test_0000405	168.674	171.609	92	0.1025
video_test_0000405	154.666	156.151	23	0.0769
video_test_0000405	134.111	136.428	24	0.0492
video_test_0000405	161.226	162.669	24	0.0491
video_test_0000405	157.539	158.509	93	0.0127
video_test_0000405	138.480	139.953	24	0.0076
video_test_0000405	142.973	144.840	24	0.0021
video_test_0000405	136.586	137.350	24	0.0011
video_test_0000405	137.320	138.880	24	0.0001
video_test_0000405	166.272	167.234	93	0.0001
video_test_0000405	141.244	143.063	92	0.0000
video_test_0000405	155.926	156.788	93	0.0000
video_test_0000405	169.842	170.364	93	0.0000
video_test_0000405	162.338	163.177	24	0.0000
video_test_0000405	140.137	140.577	24	0.0000
video_test_0000405	133.778	134.538	23	0.0000
video_test_0000405	140.655	141.503	93	0.0000
video_test_0000405	165.992	166.343	24	0.0000
video_test_0000405	142.750	143.210	24	0.0000
video_test_0000405	149.463	149.874	24	0.0000
video_test_0000405	169.649	169.932	31	0.0000
video_test_0000405	139.836	140.282	24	0.0000
video_test_0000405	160.051	161.580	24	0.0000
video_test_0000405	149.739	150.150	24	0.0000
video_test_0000405	159.141	169.660	36	0.0000
video_test_0000405	136.227	136.740	24	0.0000
video_test_0000405	134.480	134.919	24	0.0000
video_test_0000405	170.215	170.756	24	0.0000
video_test_0000405	147.752	148.543	23	0.0000
video_test_0000405	169.096	169.645	24	0.0000
video_test_0000211	42.641	44.401	97	1.0000
video_test_0000278	95.499	98.014	22	0.0002
video_test_0001194	11.302	14.268	31	0.8353
video_test_0001194	86.484	89.285	24	0.7463
video_test_0001194	114.857	116.405	24	0.7459
video_test_0001194	100.266	101.049	23	0.5372
video_test_0001194	98.915	100.272	23	0.3934
video_test_0001194	82.204	83.868	24	0.1376
video_test_0001194	39.258	40.517	31	0.1175
video_test_0001194	91.073	91.816	23	0.0629
video_test_0001194	105.062	105.851	23	0.0328
video_test_0001194	91.978	92.915	24	0.0228
video_test_0001194	106.127	107.512	23	0.0208
video_test_0001194	59.914	61.248	85	0.0120
video_test_0001194	63.985	65.432	31	0.0031
video_test_0001194	23.813	24.470	31	0.0027
video_test_0001194	101.024	101.899	24	0.0016
video_test_0001194	33.969	34.783	23	0.0006
video_test_0001194	7.189	7.980	31	0.0003
video_test_0001194	88.714	89.465	24	0.0003
video_test_0001194	107.513	108.857	24	0.0002
video_test_0001194	101.664	102.569	24	0.0002
video_test_0001194	51.290	52.043	24	0.0002
video_test_0001194	40.578	41.022	92	0.0001
video_test_0001194	34.537	35.209	24	0.0001
video_test_0001194	16.414	17.044	23	0.0001
video_test_0001194	44.450	46.009	31	0.0000
video_test_0001194	33.411	34.022	31	0.0000
video_test_0001194	36.019	36.843	31	0.0000
video_test_0001194	100.160	100.421	24	0.0000
video_test_0001194	38.813	39.343	12	0.0000
video_test_0001194	59.733	60.205	24	0.0000
video_test_0001194	87.766	88.165	97	0.0000
video_test_0001194	108.526	109.250	31	0.0000
video_test_0001194	86.455	86.885	12	0.0000
video_test_0001194	99.900	100.095	12	0.0000
video_test_0001194	12.610	12.957	24	0.0000
video_test_0001194	35.098	35.774	23	0.0000
video_test_0001194	58.910	59.733	23	0.0000
video_test_0001194	14.789	16.274	31	0.0000
video_test_0001194	107.194	107.844	23	0.0000
video_test_0001194	86.946	87.341	97	0.0000
video_test_0001194	24.305	25.110	31	0.0000
video_test_0001194	83.633	84.892	31	0.0000
video_test_0001194	51.885	52.772	31	0.0000
video_test_0001194	23.532	23.996	31	0.0000
video_test_0001194	87.237	87.546	97	0.0000
video_test_0001194	90.061	95.251	24	0.0000
video_test_0001194	3.423	8.429	7	0.0000
video_test_0001194	16.074	16.517	31	0.0000
video_test_0001194	20.390	25.220	24	0.0000
video_test_0001194	27.695	38.441	31	0.0000
video_test_0001194	6.643	7.239	12	0.0000
video_test_0001194	63.480	63.949	12	0.0000
video_test_0001194	61.952	64.625	31	0.0000
video_test_0001194	22.958	23.504	31	0.0000
video_test_0001194	85.905	86.617	23	0.0000
video_test_0001194	38.473	38.905	12	0.0000
video_test_0001194	12.089	12.482	24	0.0000
video_test_0001194	88.258	88.695	31	0.0000
video_test_0001194	45.633	46.411	31	0.0000
video_test_0001194	11.635	12.159	31	0.0000
video_test_0001194	92.713	93.229	12	0.0000
video_test_0001194	36.908	38.338	31	0.0000
video_test_0001194	7.935	8.548	31	0.0000
video_test_0001194	114.659	115.133	92	0.0000
video_test_0001194	33.148	33.560	31	0.0000
video_test_0001194	44.391	54.810	31	0.0000
video_test_0001194	99.075	110.421	31	0.0000
video_test_0001194	24.954	25.647	31	0.0000
video_test_0001194	50.780	51.418	31	0.0000
video_test_0000724	31.101	33.859	22	0.9521
video_test_0000724	8.109	10.499	22	0.0011
video_test_0000724	10.221	12.671	22	0.0000
video_test_0000724	33.375	34.050	22	0.0000
video_test_0000724	34.133	34.558	24	0.0000
video_test_0000716	512.828	514.377	9	1.0000
video_test_0000716	311.413	313.092	9	0.9998
video_test_0000716	128.000	129.465	9	0.9995
video_test_0000716	509.815	511.124	9	0.9994
video_test_0000716	528.056	529.632	9	0.9993
video_test_0000716	455.568	457.244	9	0.9874
video_test_0000716	360.103	361.467	9	0.9870
video_test_0000716	380.537	382.179	9	0.9679
video_test_0000716	172.522	173.452	9	0.9510
video_test_0000716	452.613	454.054	9	0.9481
video_test_0000716	597.277	598.774	9	0.9379
video_test_0000716	43.750	44.648	9	0.9250
video_test_0000716	611.084	612.617	9	0.8805
video_test_0000716	136.968	139.543	9	0.8708
video_test_0000716	122.491	123.918	9	0.8469
video_test_0000716	430.335	431.227	9	0.8368
video_test_0000716	418.109	419.715	9	0.7941
video_test_0000716	470.529	471.899	9	0.7822
video_test_0000716	655.041	656.348	9	0.7739
video_test_0000716	541.996	543.589	9	0.7314
video_test_0000716	303.701	305.221	9	0.6742
video_test_0000716	443.869	444.888	9	0.6628
video_test_0000716	403.315	404.230	9	0.6263
video_test_0000716	239.363	241.105	9	0.6179
video_test_0000716	120.432	121.406	9	0.6090
video_test_0000716	572.771	573.546	9	0.6010
video_test_0000716	20.200	21.649	9	0.5666
video_test_0000716	318.832	319.962	9	0.5395
video_test_0000716	142.643	144.316	9	0.5392
video_test_0000716	631.349	632.802	9	0.4980
video_test_0000716	473.612	475.025	9	0.4796
video_test_0000716	60.612	62.021	9	0.4628
video_test_0000716	17.265	18.465	9	0.4253
video_test_0000716	346.606	347.948	9	0.3918
video_test_0000716	544.583	546.102	9	0.3814
video_test_0000716	156.490	157.925	9	0.3637
video_test_0000716	464.351	465.622	9	0.3576
video_test_0000716	198.116	199.468	9	0.3471
video_test_0000716	307.936	309.381	9	0.3327
video_test_0000716	392.801	395.196	9	0.3112
video_test_0000716	91.445	93.025	9	0.2255
video_test_0000716	52.592	53.375	9	0.1901
video_test_0000716	389.130	390.590	9	0.1473
video_test_0000716	27.624	28.993	9	0.1427
video_test_0000716	425.727	426.927	9	0.1425
video_test_0000716	273.384	274.351	9	0.1214
video_test_0000716	462.405	463.178	9	0.1191
video_test_0000716	313.978	314.881	9	0.1127
video_test_0000716	147.104	147.872	9	0.1116
video_test_0000716	328.411	330.983	9	0.1039
video_test_0000716	413.003	413.867	9	0.1029
video_test_0000716	253.026	254.260	9	0.0900
video_test_0000716	602.423	603.738	9	0.0824
video_test_0000716	289.329	292.181	9	0.0784
video_test_0000716	111.784	112.671	9	0.0754
video_test_0000716	38.455	41.120	9	0.0739
video_test_0000716	459.765	461.143	9	0.0736
video_test_0000716	231.124	232.506	9	0.0689
video_test_0000716	352.346	353.929	97	0.0603
video_test_0000716	465.359	467.764	9	0.0579
video_test_0000716	284.830	286.172	9	0.0535
video_test_0000716	657.223	658.147	9	0.0534
video_test_0000716	111.181	112.054	9	0.0517
video_test_0000716	634.374	635.453	9	0.0434
video_test_0000716	160.652	161.626	9	0.0429
video_test_0000716	479.100	479.894	9	0.0426
video_test_0000716	364.291	366.909	9	0.0405
video_test_0000716	337.494	338.454	9	0.0338
video_test_0000716	349.988	351.008	9	0.0330
video_test_0000716	255.838	257.176	9	0.0305
video_test_0000716	275.199	276.175	9	0.0262
video_test_0000716	441.558	443.057	9	0.0256
video_test_0000716	45.327	46.563	9	0.0249
video_test_0000716	183.326	184.791	9	0.0240
video_test_0000716	133.093	134.394	9	0.0219
video_test_0000716	30.476	31.244	9	0.0182
video_test_0000716	371.350	373.673	9	0.0169
video_test_0000716	190.834	192.127	9	0.0141
video_test_0000716	48.090	49.594	9	0.0100
video_test_0000716	535.909	537.351	9	0.0099
video_test_0000716	98.167	100.700	9	0.0079
video_test_0000716	555.829	557.235	9	0.0077
video_test_0000716	279.146	280.433	9	0.0076
video_test_0000716	206.966	209.407	9	0.0061
video_test_0000716	263.774	264.923	9	0.0056
video_test_0000716	104.819	105.708	9	0.0054
video_test_0000716	426.667	427.734	9	0.0054
video_test_0000716	368.817	370.206	9	0.0047
video_test_0000716	10.767	12.420	9	0.0047
video_test_0000716	81.738	83.314	9	0.0034
video_test_0000716	250.392	251.662	9	0.0032
video_test_0000716	257.789	258.447	9	0.0030
video_test_0000716	295.489	297.113	9	0.0023
video_test_0000716	53.083	54.450	9	0.0023
video_test_0000716	73.937	76.499	9	0.0020
video_test_0000716	399.710	400.946	9	0.0015
video_test_0000716	50.729	51.615	9	0.0015
video_test_0000716	168.634	170.089	9	0.0014
video_test_0000716	112.445	113.921	9	0.0013
video_test_0000716	87.098	88.612	9	0.0013
video_test_0000716	79.434	80.368	9	0.0012
video_test_0000716	209.392	210.296	9	0.0012
video_test_0000716	325.605	327.179	9	0.0009
video_test_0000716	517.423	518.406	9	0.0009
video_test_0000716	227.120	228.021	9	0.0008
video_test_0000716	41.902	42.731	9	0.0007
video_test_0000716	440.146	441.079	9	0.0006
video_test_0000716	419.825	420.759	9	0.0006
video_test_0000716	54.171	55.433	9	0.0005
video_test_0000716	63.792	65.077	9	0.0005
video_test_0000716	649.968	651.071	9	0.0005
video_test_0000716	534.275	535.118	9	0.0004
video_test_0000716	636.742	638.219	9	0.0003
video_test_0000716	605.453	606.319	9	0.0003
video_test_0000716	394.651	395.528	9	0.0003
video_test_0000716	176.004	177.316	9	0.0002
video_test_0000716	451.118	451.869	9	0.0002
video_test_0000716	33.036	34.126	9	0.0002
video_test_0000716	519.894	520.771	9	0.0002
video_test_0000716	202.122	204.490	31	0.0001
video_test_0000716	100.611	101.640	9	0.0001
video_test_0000716	409.939	410.851	9	0.0001
video_test_0000716	244.747	245.861	9	0.0001
video_test_0000716	323.458	324.222	9	0.0001
video_test_0000716	114.967	115.812	9	0.0001
video_test_0000716	67.295	68.253	9	0.0001
video_test_0000716	373.215	374.285	9	0.0001
video_test_0000716	445.780	447.283	9	0.0001
video_test_0000716	520.554	522.924	9	0.0001
video_test_0000716	179.318	180.520	9	0.0001
video_test_0000716	134.303	135.069	9	0.0001
video_test_0000716	341.228	342.009	9	0.0001
video_test_0000716	247.199	248.792	9	0.0001
video_test_0000716	312.994	313.900	9	0.0001
video_test_0000716	299.874	301.015	9	0.0001
video_test_0000716	557.316	562.542	9	0.0001
video_test_0000716	235.564	236.385	9	0.0000
video_test_0000716	28.989	33.604	9	0.0000
video_test_0000716	469.333	470.049	9	0.0000
video_test_0000716	73.115	74.519	9	0.0000
video_test_0000771	119.979	122.709	12	0.9246
video_test_0000771	87.150	88.808	12	0.6670
video_test_0000771	188.509	190.018	12	0.5563
video_test_0000771	179.450	181.827	12	0.2940
video_test_0000771	57.603	59.340	12	0.0208
video_test_0000771	159.695	162.572	12	0.0023
video_test_0000771	85.136	87.831	12	0.0001
video_test_0000771	170.761	171.519	12	0.0000
video_test_0000771	58.946	59.733	12	0.0000
video_test_0000771	184.273	194.002	22	0.0000
video_test_0000771	120.247	120.719	12	0.0000
video_test_0000771	174.917	180.384	12	0.0000
video_test_0000771	160.464	160.951	12	0.0000
video_test_0000771	86.891	87.370	12	0.0000
video_test_0000771	121.280	121.789	12	0.0000
video_test_0000771	188.330	188.763	12	0.0000
video_test_0000771	160.818	161.258	12	0.0000
video_test_0000771	179.992	180.395	12	0.0000
video_test_0000622	6.992	7.739	23	0.9966
video_test_0000622	123.443	124.307	23	0.9907
video_test_0000622	159.307	160.169	24	0.9906
video_test_0000622	89.867	90.633	24	0.9886
video_test_0000622	154.048	154.710	23	0.9368
video_test_0000622	107.923	109.064	23	0.9267
video_test_0000622	101.812	102.737	24	0.9114
video_test_0000622	133.153	133.996	24	0.8247
video_test_0000622	154.567	155.301	24	0.7853
video_test_0000622	40.237	43.030	24	0.6837
video_test_0000622	12.282	12.961	23	0.6390
video_test_0000622	174.159	174.934	24	0.6316
video_test_0000622	141.575	142.759	24	0.6028
video_test_0000622	45.657	46.838	23	0.5131
video_test_0000622	158.267	158.987	23	0.5089
video_test_0000622	25.065	25.723	23	0.4878
video_test_0000622	76.119	76.856	23	0.4162
video_test_0000622	13.070	13.938	24	0.4158
video_test_0000622	30.786	32.108	24	0.3966
video_test_0000622	34.601	35.370	23	0.3577
video_test_0000622	189.707	190.520	24	0.3181
video_test_0000622	127.937	128.973	23	0.3091
video_test_0000622	39.758	40.624	23	0.2598
video_test_0000622	83.332	84.306	24	0.1637
video_test_0000622	62.056	62.922	24	0.1556
video_test_0000622	158.803	159.441	23	0.0833
video_test_0000622	19.011	19.888	23	0.0821
video_test_0000622	179.626	180.382	24	0.0769
video_test_0000622	35.523	36.347	24	0.0462
video_test_0000622	151.516	152.616	24	0.0416
video_test_0000622	72.047	74.895	24	0.0377
video_test_0000622	18.095	18.652	23	0.0327
video_test_0000622	67.355	68.218	24	0.0246
video_test_0000622	25.613	28.417	24	0.0129
video_test_0000622	150.873	151.543	23	0.0109
video_test_0000622	76.718	78.036	24	0.0100
video_test_0000622	7.588	8.465	24	0.0091
video_test_0000622	188.753	189.984	23	0.0072
video_test_0000622	152.246	153.499	24	0.0050
video_test_0000622	60.769	62.227	23	0.0027
video_test_0000622	180.063	181.278	24	0.0019
video_test_0000622	66.864	67.557	23	0.0017
video_test_0000622	113.075	113.674	24	0.0009
video_test_0000622	19.926	20.737	24	0.0006
video_test_0000622	129.434	130.213	24	0.0005
video_test_0000622	8.328	9.127	24	0.0001
video_test_0000622	31.852	32.486	9	0.0001
video_test_0000622	89.063	89.876	23	0.0000
video_test_0000622	39.538	39.960	31	0.0000
video_test_0000622	25.629	26.086	24	0.0000
video_test_0000622	84.125	84.786	24	0.0000
video_test_0000622	112.771	122.285	31	0.0000
video_test_0000622	44.669	45.570	23	0.0000
video_test_0000622	34.133	34.626	24	0.0000
video_test_0000622	83.042	83.413	24	0.0000
video_test_0000622	46.657	47.576	24	0.0000
video_test_0000622	142.765	143.631	24	0.0000
video_test_0000622	181.710	191.215	31	0.0000
video_test_0000622	12.801	13.199	24	0.0000
video_test_0000622	123.062	127.499	7	0.0000
video_test_0000622	62.798	67.246	7	0.0000
video_test_0000622	11.572	16.212	24	0.0000
video_test_0000622	20.587	21.532	24	0.0000
video_test_0000622	100.863	101.348	12	0.0000
video_test_0000622	102.400	103.641	31	0.0000
video_test_0000622	156.868	161.448	24	0.0000
video_test_0000622	41.037	41.555	23	0.0000
video_test_0000622	142.590	151.993	23	0.0000
video_test_0000622	133.679	136.049	24	0.0000
video_test_0000622	34.534	39.229	24	0.0000
video_test_0000622	140.766	141.435	23	0.0000
video_test_0000622	130.214	131.443	24	0.0000
video_test_0000622	68.267	69.026	24	0.0000
video_test_0000622	66.134	66.841	23	0.0000
video_test_0000622	41.846	42.398	24	0.0000
video_test_0000622	18.544	19.063	23	0.0000
video_test_0000622	112.723	113.220	12	0.0000
video_test_0000622	128.898	129.202	23	0.0000
video_test_0000622	74.206	75.502	23	0.0000
video_test_0000622	88.873	89.191	24	0.0000
video_test_0000622	107.245	107.993	23	0.0000
video_test_0000622	129.161	129.453	24	0.0000
video_test_0000767	10.339	13.385	7	0.0970
video_test_0000767	10.732	11.265	31	0.0000
video_test_0000767	11.259	11.719	26	0.0000
video_test_0000591	10.136	10.825	23	0.0032
video_test_0000591	9.413	13.947	85	0.0000
video_test_0000591	11.538	12.341	24	0.0000
video_test_0000591	10.929	11.396	12	0.0000
video_test_0000039	17.801	19.330	92	0.7352
video_test_0000039	66.879	68.258	92	0.1655
video_test_0000039	11.017	11.803	92	0.0013
video_test_0000039	9.026	14.521	85	0.0006
video_test_0000039	17.150	17.543	92	0.0001
video_test_0000039	17.430	17.779	92	0.0000
video_test_0000039	17.781	18.107	92	0.0000
video_test_0000039	10.851	11.201	12	0.0000
video_test_0000039	11.562	12.335	92	0.0000
video_test_0000039	56.170	67.254	31	0.0000
video_test_0000039	66.754	67.073	92	0.0000
video_test_0000254	22.768	24.291	26	0.9971
video_test_0000254	111.395	112.698	26	0.9911
video_test_0000254	179.979	180.805	26	0.0040
video_test_0000254	110.944	111.648	26	0.0010
video_test_0000254	180.654	181.467	26	0.0002
video_test_0000254	27.586	28.461	26	0.0001
video_test_0000254	26.567	27.916	26	0.0000
video_test_0000254	22.388	23.064	26	0.0000
video_test_0000254	14.491	24.158	22	0.0000
video_test_0001146	179.200	183.413	12	0.0070
video_test_0001146	100.338	102.150	12	0.0012
video_test_0001146	203.479	204.901	12	0.0003
video_test_0001146	179.633	180.432	12	0.0001
video_test_0001146	38.047	43.045	12	0.0000
video_test_0001146	131.094	132.338	12	0.0000
video_test_0001146	123.606	126.439	12	0.0000
video_test_0001146	200.890	210.669	23	0.0000
video_test_0001146	179.200	179.732	24	0.0000
video_test_0001146	130.491	131.283	12	0.0000
video_test_0001146	203.249	203.768	12	0.0000
video_test_0000250	90.562	92.017	9	1.0000
video_test_0000250	39.318	40.893	9	0.9998
video_test_0000250	68.349	69.835	9	0.9994
video_test_0000250	132.134	133.596	9	0.9982
video_test_0000250	140.790	142.100	9	0.9955
video_test_0000250	100.091	101.549	9	0.9892
video_test_0000250	121.970	123.522	9	0.2540
video_test_0000250	85.829	90.690	9	0.0000
video_test_0000250	101.274	101.967	9	0.0000
video_test_0000250	91.565	91.842	9	0.0000
video_test_0000429	99.230	100.596	97	0.3654
video_test_0000429	108.825	110.026	97	0.1451
video_test_0000429	108.221	108.835	97	0.0724
video_test_0000429	94.099	95.198	85	0.0051
video_test_0000429	107.743	108.427	97	0.0034
video_test_0000429	95.789	96.455	97	0.0000
video_test_0000429	42.667	43.770	79	0.0000
video_test_0000429	95.300	95.900	31	0.0000
video_test_0000429	109.731	110.318	97	0.0000
video_test_0000429	94.944	95.374	26	0.0000
video_test_0000429	42.103	42.608	31	0.0000
video_test_0000429	100.650	101.471	31	0.0000
video_test_0000437	18.179	20.951	22	0.9958
video_test_0000437	64.794	74.314	22	0.0001
video_test_0000437	62.096	64.455	22	0.0000
video_test_0000437	11.626	12.409	9	0.0000
video_test_0000437	20.620	21.157	22	0.0000
video_test_0001531	214.872	216.423	92	0.9971
video_test_0001531	201.244	202.614	92	0.7512
video_test_0001531	209.141	210.479	92	0.6304
video_test_0001531	198.053	199.361	92	0.3643
video_test_0001531	212.473	212.831	92	0.1648
video_test_0001531	206.738	208.168	92	0.0976
video_test_0001531	200.322	201.648	92	0.0308
video_test_0001531	214.014	214.332	92	0.0260
video_test_0001531	213.687	214.084	92	0.0214
video_test_0001531	212.162	212.403	92	0.0014
video_test_0001531	212.809	213.196	92	0.0007
video_test_0001531	202.521	203.298	92	0.0005
video_test_0001531	199.294	200.001	92	0.0004
video_test_0001531	211.197	212.547	92	0.0003
video_test_0001531	214.180	214.971	92	0.0002
video_test_0001531	210.504	211.194	92	0.0001
video_test_0001531	213.208	213.629	92	0.0000
video_test_0001531	199.823	200.269	92	0.0000
video_test_0001531	206.461	206.826	92	0.0000
video_test_0001531	210.219	210.566	92	0.0000
video_test_0001531	206.171	206.558	92	0.0000
