video_test_0001162	99.068	101.901	40	0.0011
video_test_0001162	101.494	102.400	26	0.0000
video_test_0001162	99.247	99.753	22	0.0000
video_test_0001162	101.057	101.563	97	0.0000
video_test_0001276	12.204	13.078	23	0.3535
video_test_0001276	10.902	16.544	33	0.2770
video_test_0001276	21.011	21.905	24	0.1775
video_test_0001276	17.853	19.418	24	0.0929
video_test_0001276	41.169	42.510	24	0.0250
video_test_0001276	33.312	33.994	23	0.0212
video_test_0001276	33.747	36.884	24	0.0109
video_test_0001276	17.644	18.107	24	0.0034
video_test_0001276	10.387	12.056	24	0.0029
video_test_0001276	8.301	9.240	24	0.0009
video_test_0001276	22.995	24.651	23	0.0001
video_test_0001276	17.067	17.564	24	0.0001
video_test_0001276	13.031	14.081	24	0.0000
video_test_0001276	34.133	34.663	24	0.0000
video_test_0001276	40.530	41.376	23	0.0000
video_test_0001276	42.667	43.474	24	0.0000
video_test_0001276	19.080	19.609	24	0.0000
video_test_0001276	22.121	23.127	24	0.0000
video_test_0001276	21.767	22.367	24	0.0000
video_test_0001276	14.192	15.039	24	0.0000
video_test_0001276	9.386	10.454	12	0.0000
video_test_0001276	34.609	35.219	12	0.0000
video_test_0001276	13.849	14.412	12	0.0000
video_test_0001276	2.380	13.613	31	0.0000
video_test_0001276	15.003	15.677	12	0.0000
video_test_0001276	9.009	9.658	12	0.0000
video_test_0001276	35.027	35.654	12	0.0000
video_test_0001276	36.179	47.691	31	0.0000
video_test_0000723	11.490	13.009	97	0.6739
video_test_0000723	34.161	35.614	97	0.6666
video_test_0000723	20.049	21.217	97	0.0064
video_test_0000723	31.420	32.212	97	0.0027
video_test_0000723	29.976	31.228	97	0.0003
video_test_0000723	2.343	12.363	31	0.0002
video_test_0000723	33.395	34.133	23	0.0001
video_test_0000723	18.863	20.336	97	0.0001
video_test_0000723	11.233	11.766	97	0.0000
video_test_0000723	30.960	31.385	97	0.0000
video_test_0000723	35.329	35.679	9	0.0000
video_test_0000723	35.655	36.256	9	0.0000
video_test_0000353	39.888	40.899	23	0.9976
video_test_0000353	37.631	43.762	24	0.0000
video_test_0001463	17.766	22.693	92	0.2653
video_test_0001463	27.782	29.014	24	0.0376
video_test_0001463	58.640	60.011	97	0.0151
video_test_0001463	59.785	60.456	24	0.0002
video_test_0001463	57.757	59.086	97	0.0002
video_test_0001463	19.565	20.334	97	0.0001
video_test_0001463	28.758	29.144	97	0.0000
video_test_0001463	27.096	27.788	9	0.0000
video_test_0001463	21.625	22.445	12	0.0000
video_test_0001463	20.902	21.401	97	0.0000
video_test_0001463	29.078	29.516	9	0.0000
video_test_0001463	29.494	29.951	9	0.0000
video_test_0001463	20.383	20.781	12	0.0000
video_test_0001463	21.400	21.731	12	0.0000
video_test_0000461	94.414	97.034	26	1.0000
video_test_0000461	74.735	76.488	26	0.9044
video_test_0000461	116.370	118.018	26	0.6008
video_test_0000461	90.634	92.170	26	0.3498
video_test_0000461	97.979	100.615	26	0.0839
video_test_0000461	42.777	44.527	26	0.0009
video_test_0000461	78.959	80.334	26	0.0000
video_test_0000461	115.399	116.686	26	0.0000
video_test_0000461	76.800	77.517	24	0.0000
video_test_0000461	109.873	119.503	31	0.0000
video_test_0000461	73.160	83.801	22	0.0000
video_test_0000461	96.129	96.608	26	0.0000
video_test_0000461	78.167	79.090	23	0.0000
video_test_0000461	99.162	99.620	26	0.0000
video_test_0000461	44.210	44.760	26	0.0000
video_test_0000461	44.512	45.949	26	0.0000
video_test_0000461	97.320	98.208	40	0.0000
video_test_0000461	95.030	95.419	26	0.0000
video_test_0000461	95.479	95.956	26	0.0000
video_test_0000461	91.922	92.680	26	0.0000
video_test_0000461	90.018	90.808	12	0.0000
video_test_0000461	80.268	80.789	12	0.0000
video_test_0000461	98.392	98.872	31	0.0000
video_test_0000461	96.757	97.419	26	0.0000
video_test_0000461	76.174	76.829	12	0.0000
video_test_0000624	35.672	38.143	26	0.9159
video_test_0000624	26.784	29.709	26	0.7159
video_test_0000624	0.000	0.653	26	0.0000
video_test_0000624	29.551	31.103	26	0.0000
video_test_0000624	0.311	4.246	26	0.0000
video_test_0000624	28.475	29.006	26	0.0000
video_test_0000624	35.527	35.935	12	0.0000
video_test_0000624	35.902	36.152	9	0.0000
video_test_0000624	36.242	36.720	9	0.0000
video_test_0000624	1.363	2.018	92	0.0000
video_test_0000624	27.399	27.948	26	0.0000
video_test_0000624	29.264	29.864	26	0.0000
video_test_0000624	0.582	1.170	26	0.0000
video_test_0000392	73.818	76.558	24	0.4981
video_test_0000392	95.381	98.066	24	0.2564
video_test_0000392	64.925	66.563	24	0.0089
video_test_0000392	48.496	49.137	24	0.0010
video_test_0000392	27.275	28.884	24	0.0007
video_test_0000392	66.481	67.242	24	0.0000
video_test_0000392	76.057	76.759	31	0.0000
video_test_0000392	96.704	97.234	23	0.0000
video_test_0000392	96.169	96.658	24	0.0000
video_test_0000392	48.312	48.654	24	0.0000
video_test_0000392	19.852	21.702	24	0.0000
video_test_0000392	74.694	75.148	12	0.0000
video_test_0000392	50.165	50.562	12	0.0000
video_test_0000392	74.205	74.681	12	0.0000
video_test_0000392	75.454	75.981	31	0.0000
video_test_0000392	49.060	49.534	31	0.0000
video_test_0000392	49.631	50.153	24	0.0000
video_test_0000392	19.359	19.912	24	0.0000
video_test_0000392	28.761	29.378	24	0.0000
video_test_0000807	117.146	118.829	26	0.9696
video_test_0000807	103.519	105.524	26	0.9373
video_test_0000807	138.973	141.571	26	0.9202
video_test_0000807	154.019	155.732	26	0.7928
video_test_0000807	111.632	113.237	26	0.2073
video_test_0000807	45.717	46.961	26	0.1204
video_test_0000807	32.504	34.222	26	0.0665
video_test_0000807	151.234	154.084	26	0.0129
video_test_0000807	4.204	5.585	26	0.0002
video_test_0000807	44.631	45.414	26	0.0000
video_test_0000807	3.643	4.500	26	0.0000
video_test_0000807	46.831	47.633	26	0.0000
video_test_0000807	27.677	38.202	22	0.0000
video_test_0000807	110.973	111.782	26	0.0000
video_test_0000807	34.133	35.342	22	0.0000
video_test_0000807	39.888	50.030	22	0.0000
video_test_0000807	155.611	156.674	26	0.0000
video_test_0000807	118.562	119.467	26	0.0000
video_test_0000807	138.677	139.466	26	0.0000
video_test_0000807	152.815	153.288	26	0.0000
video_test_0000807	115.388	125.995	22	0.0000
video_test_0000807	45.237	45.908	26	0.0000
video_test_0000807	95.991	106.807	31	0.0000
video_test_0000807	3.179	3.704	97	0.0000
video_test_0000807	116.733	117.491	31	0.0000
video_test_0000807	105.151	105.903	26	0.0000
video_test_0000807	110.304	111.118	26	0.0000
video_test_0000807	105.774	106.536	26	0.0000
video_test_0001313	78.137	80.861	23	0.3752
video_test_0001313	103.587	104.843	24	0.0362
video_test_0001313	35.847	37.218	24	0.0042
video_test_0001313	22.151	23.014	23	0.0040
video_test_0001313	104.817	105.680	24	0.0000
video_test_0001313	102.869	103.513	24	0.0000
video_test_0001313	79.700	80.217	12	0.0000
video_test_0001313	80.213	80.589	12	0.0000
video_test_0001313	80.515	81.018	12	0.0000
video_test_0001313	80.953	81.321	24	0.0000
video_test_0001313	21.678	22.394	24	0.0000
video_test_0001064	182.677	185.737	9	1.0000
video_test_0001064	72.656	74.491	9	0.9999
video_test_0001064	163.812	165.438	9	0.9998
video_test_0001064	198.355	199.933	9	0.9997
video_test_0001064	110.003	111.556	9	0.9991
video_test_0001064	207.073	208.745	9	0.9991
video_test_0001064	13.919	15.534	9	0.9991
video_test_0001064	46.061	47.851	9	0.9881
video_test_0001064	173.142	174.754	9	0.9633
video_test_0001064	123.419	125.000	9	0.9390
video_test_0001064	22.358	23.689	9	0.9093
video_test_0001064	150.252	151.849	9	0.8889
video_test_0001064	50.424	52.162	9	0.8659
video_test_0001064	156.926	158.548	9	0.8170
video_test_0001064	137.826	140.270	9	0.6735
video_test_0001064	186.972	188.582	9	0.6098
video_test_0001064	168.409	169.890	9	0.3669
video_test_0001064	38.042	39.606	9	0.3260
video_test_0001064	193.678	196.418	9	0.3117
video_test_0001064	232.421	233.624	97	0.2809
video_test_0001064	42.554	44.309	9	0.0566
video_test_0001064	63.437	64.964	9	0.0452
video_test_0001064	66.945	68.506	9	0.0274
video_test_0001064	59.907	60.865	9	0.0091
video_test_0001064	68.267	69.163	9	0.0057
video_test_0001064	66.229	67.083	9	0.0031
video_test_0001064	59.049	59.733	9	0.0027
video_test_0001064	163.160	163.884	9	0.0016
video_test_0001064	117.104	118.719	9	0.0014
video_test_0001064	58.009	58.879	9	0.0008
video_test_0001064	206.320	207.077	9	0.0002
video_test_0001064	197.749	198.624	9	0.0000
video_test_0001064	65.698	66.442	9	0.0000
video_test_0001064	21.849	22.665	9	0.0000
video_test_0001064	118.772	119.346	31	0.0000
video_test_0001064	41.607	42.667	31	0.0000
video_test_0001064	156.236	157.085	97	0.0000
video_test_0001064	199.647	200.181	9	0.0000
video_test_0001064	138.182	138.602	9	0.0000
video_test_0001164	183.538	184.805	79	0.0003
video_test_0001164	184.066	188.207	45	0.0001
video_test_0001389	5.649	7.076	92	0.9150
video_test_0001389	112.733	114.164	92	0.7998
video_test_0001389	69.180	70.502	31	0.5742
video_test_0001389	83.747	85.445	31	0.1142
video_test_0001389	112.295	113.104	92	0.0821
video_test_0001389	118.472	119.854	92	0.0748
video_test_0001389	115.491	116.278	92	0.0507
video_test_0001389	9.243	9.600	92	0.0500
video_test_0001389	8.855	9.208	92	0.0479
video_test_0001389	8.531	11.345	92	0.0351
video_test_0001389	81.980	83.358	92	0.0281
video_test_0001389	9.606	10.068	92	0.0019
video_test_0001389	113.732	115.176	92	0.0011
video_test_0001389	119.840	121.383	92	0.0010
video_test_0001389	112.112	112.391	92	0.0003
video_test_0001389	83.131	83.676	92	0.0001
video_test_0001389	111.243	112.657	92	0.0000
video_test_0001389	68.878	69.195	92	0.0000
video_test_0001389	12.607	13.413	92	0.0000
video_test_0001389	115.059	115.385	92	0.0000
video_test_0001389	68.462	68.841	92	0.0000
video_test_0001389	11.499	12.845	31	0.0000
video_test_0001389	69.914	72.474	31	0.0000
video_test_0001389	10.162	10.647	92	0.0000
video_test_0001389	13.430	13.886	92	0.0000
video_test_0001389	118.134	118.616	92	0.0000
video_test_0001389	6.932	7.531	92	0.0000
video_test_0001389	114.162	119.126	85	0.0000
video_test_0001389	116.204	116.737	92	0.0000
video_test_0001389	67.948	68.571	92	0.0000
video_test_0000004	19.316	20.757	23	0.9349
video_test_0000004	21.003	21.622	24	0.5423
video_test_0000004	21.438	22.691	24	0.0002
video_test_0000004	18.181	18.908	24	0.0000
video_test_0000004	20.469	20.876	23	0.0000
video_test_0000004	18.535	28.511	31	0.0000
video_test_0000004	18.871	19.318	31	0.0000
video_test_0001549	9.289	10.754	31	0.3642
video_test_0001549	2.680	3.264	31	0.0207
video_test_0001549	8.328	9.166	31	0.0079
video_test_0001549	3.228	4.577	31	0.0033
video_test_0001549	7.290	8.161	31	0.0032
video_test_0001549	8.035	8.397	31	0.0000
video_test_0001549	4.372	4.763	31	0.0000
video_test_0001549	9.026	9.588	31	0.0000
video_test_0001549	4.180	9.935	31	0.0000
video_test_0000689	95.231	105.898	45	0.0002
video_test_0000689	102.193	103.137	23	0.0001
video_test_0000689	101.589	102.400	23	0.0000
video_test_0000689	103.186	104.756	31	0.0000
video_test_0000689	100.581	101.606	12	0.0000
video_test_0000839	44.129	46.753	40	0.9289
video_test_0000839	28.375	30.685	40	0.6425
video_test_0000839	46.686	48.198	40	0.0000
video_test_0000756	9.349	10.926	92	0.0104
video_test_0000756	14.671	15.157	92	0.0000
video_test_0000756	15.490	17.067	92	0.0000
video_test_0000756	11.118	11.905	97	0.0000
video_test_0000756	15.153	15.605	92	0.0000
video_test_0000756	10.607	11.324	97	0.0000
video_test_0000756	12.583	25.136	36	0.0000
video_test_0001409	57.592	60.251	31	0.0145
video_test_0001409	59.733	60.450	31	0.0000
video_test_0001409	55.346	58.107	31	0.0000
video_test_0001409	58.743	59.196	26	0.0000
video_test_0001409	58.209	58.632	26	0.0000
video_test_0001484	59.649	62.502	85	0.2638
video_test_0001484	136.255	139.111	85	0.0149
video_test_0001484	52.069	57.731	85	0.0119
video_test_0001484	66.921	67.891	31	0.0085
video_test_0001484	128.735	134.271	85	0.0013
video_test_0001484	134.101	136.891	85	0.0008
video_test_0001484	57.390	60.116	85	0.0001
video_test_0001484	192.402	202.658	45	0.0001
video_test_0001484	198.294	199.917	31	0.0000
video_test_0001484	131.511	132.571	85	0.0000
video_test_0001484	197.378	198.801	31	0.0000
video_test_0001484	136.533	136.865	31	0.0000
video_test_0001484	55.292	56.324	85	0.0000
video_test_0001484	136.754	137.221	31	0.0000
video_test_0001484	66.678	67.032	12	0.0000
video_test_0001484	59.733	60.121	31	0.0000
video_test_0001484	57.808	58.314	31	0.0000
video_test_0001484	133.683	134.733	85	0.0000
video_test_0001484	60.488	60.995	31	0.0000
video_test_0001484	137.072	137.518	31	0.0000
video_test_0001484	54.613	55.250	31	0.0000
video_test_0001484	67.712	68.260	92	0.0000
video_test_0001484	129.339	130.182	31	0.0000
video_test_0001484	199.811	200.446	31	0.0000
video_test_0001484	61.327	61.795	12	0.0000
video_test_0001484	53.085	53.967	31	0.0000
video_test_0001484	58.673	59.194	31	0.0000
video_test_0001484	130.913	131.453	31	0.0000
video_test_0001484	53.679	54.620	31	0.0000
video_test_0001484	56.240	57.297	85	0.0000
video_test_0001484	129.959	130.923	31	0.0000
video_test_0001484	66.065	66.607	31	0.0000
video_test_0001484	132.508	133.542	85	0.0000
video_test_0001496	96.212	97.162	31	0.8890
video_test_0001496	39.210	40.695	31	0.8679
video_test_0001496	57.925	60.539	31	0.7171
video_test_0001496	92.349	93.768	31	0.3966
video_test_0001496	74.163	75.732	31	0.0242
video_test_0001496	36.563	39.463	31	0.0222
video_test_0001496	94.915	96.331	31	0.0114
video_test_0001496	60.153	61.587	31	0.0110
video_test_0001496	134.740	136.201	31	0.0051
video_test_0001496	141.781	144.655	31	0.0022
video_test_0001496	93.487	94.905	31	0.0005
video_test_0001496	132.211	134.703	31	0.0002
video_test_0001496	59.733	60.175	31	0.0000
video_test_0001496	59.330	59.720	26	0.0000
video_test_0001496	144.299	145.000	31	0.0000
video_test_0001496	86.919	98.402	31	0.0000
video_test_0001496	38.790	39.118	31	0.0000
video_test_0001496	134.220	134.967	31	0.0000
video_test_0001496	38.400	38.932	31	0.0000
video_test_0001496	96.077	96.357	92	0.0000
video_test_0001496	37.535	38.035	31	0.0000
video_test_0001496	91.128	92.049	31	0.0000
video_test_0001496	143.021	143.550	31	0.0000
video_test_0001496	40.591	41.028	31	0.0000
video_test_0001496	37.945	50.011	31	0.0000
video_test_0001496	60.054	60.437	31	0.0000
video_test_0001496	91.952	92.531	31	0.0000
video_test_0001496	94.725	95.157	31	0.0000
video_test_0001496	73.771	74.421	12	0.0000
video_test_0001496	73.255	73.881	12	0.0000
video_test_0000374	6.740	9.573	92	0.0039
video_test_0000374	7.260	7.602	92	0.0000
video_test_0000374	7.740	8.139	92	0.0000
video_test_0000374	6.769	7.199	12	0.0000
video_test_0000701	33.600	35.340	85	0.0645
video_test_0000701	0.767	2.534	85	0.0171
video_test_0000701	34.847	36.617	85	0.0000
video_test_0000701	1.905	4.283	31	0.0000
video_test_0000701	34.716	35.038	12	0.0000
video_test_0000701	33.280	34.002	22	0.0000
video_test_0001078	0.156	1.565	97	0.7011
video_test_0001078	15.138	16.491	97	0.6557
video_test_0001078	39.197	40.662	97	0.6516
video_test_0001078	55.306	56.872	97	0.3620
video_test_0001078	16.221	17.065	97	0.0000
video_test_0001078	40.266	41.178	97	0.0000
video_test_0001078	1.956	3.179	97	0.0000
video_test_0001078	39.063	39.478	97	0.0000
video_test_0001078	1.389	2.204	97	0.0000
video_test_0001078	38.431	38.895	97	0.0000
video_test_0001078	14.993	15.390	97	0.0000
video_test_0001078	57.107	57.628	9	0.0000
video_test_0001558	0.017	1.653	22	0.0016
video_test_0001558	1.282	3.991	22	0.0000
video_test_0001558	1.785	2.228	12	0.0000
video_test_0001343	138.575	140.109	9	0.9999
video_test_0001343	12.372	13.742	9	0.9999
video_test_0001343	49.316	50.872	9	0.9948
video_test_0001343	11.596	12.292	9	0.0000
video_test_0001343	139.966	140.835	9	0.0000
video_test_0001343	5.276	15.362	22	0.0000
video_test_0001343	48.293	49.163	9	0.0000
video_test_0001343	51.200	51.646	31	0.0000
video_test_0001257	230.990	232.534	9	1.0000
video_test_0001257	216.720	217.992	9	1.0000
video_test_0001257	193.144	194.591	9	0.9982
video_test_0001257	5.944	7.421	9	0.9976
video_test_0001257	40.402	41.870	9	0.9878
video_test_0001257	210.978	212.382	9	0.9837
video_test_0001257	85.952	87.312	9	0.9778
video_test_0001257	185.580	187.365	9	0.9737
video_test_0001257	17.763	19.223	9	0.8099
video_test_0001257	163.140	164.525	9	0.7694
video_test_0001257	109.658	111.175	9	0.3670
video_test_0001257	11.580	14.079	9	0.2716
video_test_0001257	166.262	167.670	9	0.0811
video_test_0001257	222.101	223.261	9	0.0687
video_test_0001257	200.566	201.958	9	0.0417
video_test_0001257	95.662	98.601	9	0.0264
video_test_0001257	83.699	85.165	9	0.0248
video_test_0001257	81.656	84.235	9	0.0196
video_test_0001257	242.875	243.543	9	0.0041
video_test_0001257	33.828	35.072	9	0.0019
video_test_0001257	111.131	111.974	9	0.0008
video_test_0001257	241.524	242.196	9	0.0002
video_test_0001257	85.399	86.244	9	0.0002
video_test_0001257	23.092	25.252	9	0.0001
video_test_0001257	223.700	224.611	9	0.0001
video_test_0001257	35.239	35.923	9	0.0001
video_test_0001257	194.506	195.169	9	0.0001
video_test_0001257	232.215	233.042	9	0.0001
video_test_0001257	97.587	98.039	9	0.0001
video_test_0001257	16.274	17.038	9	0.0000
video_test_0001257	7.160	7.877	9	0.0000
video_test_0001257	33.309	33.893	9	0.0000
video_test_0001257	201.738	202.638	9	0.0000
video_test_0001257	38.900	39.671	9	0.0000
video_test_0001257	5.423	6.154	9	0.0000
video_test_0001257	242.312	242.920	9	0.0000
video_test_0001257	164.525	165.128	9	0.0000
video_test_0001257	202.544	203.279	9	0.0000
video_test_0001257	212.259	212.793	9	0.0000
video_test_0001257	187.042	187.555	9	0.0000
video_test_0001257	15.364	16.337	9	0.0000
video_test_0001257	17.067	17.513	24	0.0000
video_test_0001257	111.809	112.664	9	0.0000
video_test_0001257	217.458	219.743	9	0.0000
video_test_0001257	216.043	216.776	9	0.0000
video_test_0001257	216.594	216.983	9	0.0000
video_test_0001257	11.169	11.816	9	0.0000
video_test_0001257	230.410	231.253	9	0.0000
video_test_0001257	12.556	12.980	9	0.0000
video_test_0001257	96.738	97.314	9	0.0000
video_test_0001309	1.444	4.182	26	0.9394
video_test_0001309	4.104	5.488	26	0.0001
video_test_0001309	3.668	4.232	22	0.0000
video_test_0001309	1.710	2.218	93	0.0000
video_test_0001309	2.068	2.594	22	0.0000
video_test_0000897	87.739	90.735	31	0.0278
video_test_0000897	102.851	105.134	31	0.0018
video_test_0000897	104.560	104.968	9	0.0000
video_test_0000897	105.447	106.101	23	0.0000
video_test_0000897	89.587	90.083	97	0.0000
video_test_0000897	90.577	91.312	31	0.0000
video_test_0000897	104.861	105.214	9	0.0000
video_test_0000897	90.135	90.509	9	0.0000
video_test_0000897	106.559	107.230	9	0.0000
video_test_0000897	105.129	105.543	9	0.0000
video_test_0000897	106.105	106.650	24	0.0000
video_test_0000897	88.861	89.396	97	0.0000
video_test_0000730	46.964	48.464	22	0.0030
video_test_0000730	44.594	47.138	22	0.0001
video_test_0000730	48.329	49.043	22	0.0000
video_test_0000730	46.818	47.278	22	0.0000
video_test_0000045	122.424	125.343	93	0.0018
video_test_0000045	137.237	139.176	93	0.0000
video_test_0000045	123.251	123.698	93	0.0000
video_test_0000045	123.582	123.998	93	0.0000
video_test_0000045	139.081	139.730	26	0.0000
video_test_0000854	176.352	179.499	93	0.4181
video_test_0000854	178.881	181.505	79	0.0002
video_test_0000854	179.200	179.650	12	0.0000
video_test_0000854	178.722	179.199	12	0.0000
video_test_0000854	177.979	178.598	93	0.0000
video_test_0000854	177.615	178.096	12	0.0000
video_test_0000292	65.198	67.683	31	0.0122
video_test_0001508	112.182	113.868	31	0.9464
video_test_0001508	14.636	16.174	31	0.7346
video_test_0001508	155.729	157.134	31	0.6362
video_test_0001508	13.243	14.145	31	0.3789
video_test_0001508	152.668	155.574	31	0.0374
video_test_0001508	168.254	169.581	31	0.0131
video_test_0001508	136.351	137.654	31	0.0066
video_test_0001508	62.056	63.394	31	0.0055
video_test_0001508	67.284	68.625	31	0.0011
video_test_0001508	156.855	157.299	26	0.0003
video_test_0001508	155.053	155.793	31	0.0003
video_test_0001508	13.061	23.273	31	0.0002
video_test_0001508	144.790	147.487	31	0.0001
video_test_0001508	109.758	110.933	31	0.0001
video_test_0001508	110.970	111.755	31	0.0001
video_test_0001508	142.865	144.799	31	0.0000
video_test_0001508	64.192	66.671	31	0.0000
video_test_0001508	137.238	138.583	31	0.0000
video_test_0001508	145.067	145.496	31	0.0000
video_test_0001508	61.874	62.343	31	0.0000
video_test_0001508	114.525	115.275	31	0.0000
video_test_0001508	63.430	64.159	31	0.0000
video_test_0001508	166.414	168.471	31	0.0000
video_test_0001508	141.795	143.040	31	0.0000
video_test_0001508	138.416	139.192	23	0.0000
video_test_0001508	107.722	117.659	23	0.0000
video_test_0001508	111.628	112.295	31	0.0000
video_test_0001508	14.405	14.950	31	0.0000
video_test_0001508	66.650	67.404	31	0.0000
video_test_0000220	133.489	136.207	40	0.0327
video_test_0000220	135.766	136.441	31	0.0000
video_test_0001075	132.328	133.763	12	0.9562
video_test_0001075	201.238	206.751	12	0.8116
video_test_0001075	171.859	173.209	12	0.1409
video_test_0001075	155.493	158.018	12	0.0840
video_test_0001075	118.500	119.791	12	0.0374
video_test_0001075	186.848	188.454	12	0.0050
video_test_0001075	133.174	135.889	12	0.0033
video_test_0001075	45.993	51.143	12	0.0017
video_test_0001075	45.690	46.894	12	0.0015
video_test_0001075	33.965	35.428	12	0.0012
video_test_0001075	207.182	207.980	12	0.0011
video_test_0001075	119.560	120.901	12	0.0002
video_test_0001075	155.776	156.209	12	0.0002
video_test_0001075	106.860	111.902	12	0.0001
video_test_0001075	172.522	175.366	12	0.0000
video_test_0001075	110.057	110.888	12	0.0000
video_test_0001075	125.155	135.108	12	0.0000
video_test_0001075	33.386	34.133	23	0.0000
video_test_0001075	173.024	173.475	12	0.0000
video_test_0001075	202.436	202.893	12	0.0000
video_test_0001075	202.089	202.588	12	0.0000
video_test_0001075	170.838	172.153	12	0.0000
video_test_0001075	130.587	131.320	12	0.0000
video_test_0001075	187.884	189.775	12	0.0000
video_test_0001075	115.971	125.873	24	0.0000
video_test_0001075	156.252	156.697	12	0.0000
video_test_0001075	202.853	203.362	12	0.0000
video_test_0001075	109.233	110.008	12	0.0000
video_test_0001075	155.308	155.689	12	0.0000
video_test_0001075	153.751	155.017	12	0.0000
video_test_0001075	206.416	206.922	12	0.0000
video_test_0001075	109.835	110.227	12	0.0000
video_test_0001075	44.607	45.453	12	0.0000
video_test_0001075	117.425	118.827	12	0.0000
video_test_0001075	131.126	131.952	12	0.0000
video_test_0000601	149.046	151.294	9	0.5943
video_test_0000601	406.704	409.054	26	0.0038
video_test_0000601	421.142	422.522	9	0.0016
video_test_0000601	151.154	152.018	9	0.0003
video_test_0000601	418.713	421.468	9	0.0001
video_test_0000601	408.815	409.600	9	0.0000
video_test_0000028	38.184	41.708	33	0.9683
video_test_0000028	46.326	49.129	33	0.0017
video_test_0000028	42.710	43.322	92	0.0001
video_test_0000028	46.022	46.914	24	0.0000
video_test_0000028	42.152	42.879	12	0.0000
video_test_0000028	45.743	46.073	12	0.0000
video_test_0000028	41.063	42.510	31	0.0000
video_test_0000028	43.240	43.713	93	0.0000
video_test_0000028	42.305	45.389	33	0.0000
video_test_0000028	38.712	39.236	24	0.0000
video_test_0000028	37.658	38.293	12	0.0000
video_test_0000028	38.238	38.822	12	0.0000
video_test_0000028	33.696	39.691	33	0.0000
video_test_0000028	43.776	44.317	92	0.0000
video_test_0000785	4.140	5.922	23	0.0021
video_test_0000785	43.061	47.987	22	0.0002
video_test_0000785	42.667	43.465	26	0.0000
video_test_0000785	44.087	44.816	26	0.0000
video_test_0000785	44.673	45.352	26	0.0000
video_test_0000785	43.365	43.897	12	0.0000
video_test_0000785	45.167	45.735	26	0.0000
video_test_0000785	3.766	4.248	9	0.0000
video_test_0000785	43.739	44.271	12	0.0000
video_test_0000785	3.155	3.700	9	0.0000
video_test_0001076	26.748	27.915	22	0.0000
video_test_0001076	28.608	28.942	12	0.0000
video_test_0001076	27.744	28.322	12	0.0000
video_test_0000762	3.536	5.059	97	0.8077
video_test_0000762	84.359	85.700	97	0.6406
video_test_0000762	56.569	57.847	97	0.5811
video_test_0000762	27.127	28.563	97	0.1605
video_test_0000762	48.125	49.548	97	0.0108
video_test_0000762	43.564	48.559	97	0.0032
video_test_0000762	66.085	75.815	79	0.0008
video_test_0000762	80.182	84.685	97	0.0003
video_test_0000762	75.335	76.743	97	0.0000
video_test_0000762	49.731	51.058	97	0.0000
video_test_0000762	28.418	33.069	97	0.0000
video_test_0000762	52.738	62.303	23	0.0000
video_test_0000762	85.594	87.670	31	0.0000
video_test_0000762	1.909	3.241	97	0.0000
video_test_0000762	26.584	27.412	97	0.0000
video_test_0000762	55.351	56.809	97	0.0000
video_test_0000762	74.497	75.271	12	0.0000
video_test_0000762	83.631	84.450	97	0.0000
video_test_0000762	83.080	83.775	97	0.0000
video_test_0000762	28.608	29.451	97	0.0000
video_test_0000762	47.707	48.286	97	0.0000
video_test_0000762	28.305	28.771	9	0.0000
video_test_0000762	57.899	58.422	9	0.0000
video_test_0000762	49.222	49.802	9	0.0000
video_test_0000762	2.947	3.555	12	0.0000
video_test_0000762	4.752	5.333	97	0.0000
video_test_0000179	150.130	151.734	9	0.9993
video_test_0000179	51.900	53.162	9	0.8488
video_test_0000179	70.271	71.741	9	0.6581
video_test_0000179	10.588	12.919	9	0.3164
video_test_0000179	145.125	147.414	9	0.0711
video_test_0000179	51.252	52.221	9	0.0019
video_test_0000179	10.141	10.866	9	0.0004
video_test_0000179	71.794	72.605	9	0.0003
video_test_0000179	10.781	11.226	9	0.0000
video_test_0000179	145.067	145.502	9	0.0000
video_test_0000179	50.457	51.151	9	0.0000
video_test_0000179	149.314	150.134	9	0.0000
video_test_0000179	71.484	71.883	9	0.0000
video_test_0001040	72.694	75.566	79	0.9952
video_test_0001040	125.155	128.298	79	0.2752
video_test_0001040	21.641	24.417	79	0.2236
video_test_0001040	26.754	29.831	79	0.0535
video_test_0001040	105.702	110.880	79	0.0385
video_test_0001040	12.326	14.991	79	0.0010
video_test_0001040	120.640	126.117	79	0.0000
video_test_0001040	18.115	22.815	79	0.0000
video_test_0001040	27.480	27.991	93	0.0000
video_test_0001040	71.347	73.000	79	0.0000
video_test_0001040	13.044	13.449	93	0.0000
video_test_0001040	22.687	23.172	93	0.0000
video_test_0001040	74.720	75.211	9	0.0000
video_test_0001040	23.961	24.571	26	0.0000
video_test_0001040	28.029	28.575	93	0.0000
video_test_0001040	125.828	126.438	93	0.0000
video_test_0001040	29.205	29.984	85	0.0000
video_test_0001040	22.130	22.636	12	0.0000
video_test_0001201	377.030	387.131	40	0.0220
video_test_0001201	385.433	388.155	40	0.0001
video_test_0001201	387.991	388.864	97	0.0000
video_test_0000558	162.884	168.289	12	0.9926
video_test_0000558	71.685	77.569	12	0.9836
video_test_0000558	135.871	141.106	12	0.9824
video_test_0000558	101.795	107.223	12	0.4269
video_test_0000558	118.890	124.429	12	0.1850
video_test_0000558	135.144	136.625	12	0.1209
video_test_0000558	175.010	180.930	12	0.1039
video_test_0000558	71.291	72.895	12	0.0003
video_test_0000558	136.565	137.269	12	0.0000
video_test_0000558	171.314	176.569	12	0.0000
video_test_0000558	116.907	119.451	12	0.0000
video_test_0000558	102.400	102.912	12	0.0000
video_test_0000558	100.951	102.400	12	0.0000
video_test_0000558	133.144	134.628	12	0.0000
video_test_0000558	119.467	119.979	24	0.0000
video_test_0000558	72.540	73.254	12	0.0000
video_test_0000558	120.193	120.801	12	0.0000
video_test_0000558	134.301	135.123	12	0.0000
video_test_0000558	134.996	135.398	12	0.0000
video_test_0000558	175.170	176.061	12	0.0000
video_test_0000558	70.365	71.780	12	0.0000
video_test_0000558	162.585	163.400	12	0.0000
video_test_0000558	163.882	164.524	12	0.0000
video_test_0000558	164.371	165.099	12	0.0000
video_test_0000558	163.421	164.011	12	0.0000
video_test_0000558	103.367	103.970	12	0.0000
video_test_0001358	166.812	168.560	24	0.1024
video_test_0001358	166.404	167.174	23	0.0000
video_test_0001358	168.205	168.649	24	0.0000
video_test_0001324	132.844	135.487	7	0.0129
video_test_0001324	63.226	65.716	31	0.0099
video_test_0001324	85.858	88.101	31	0.0097
video_test_0001324	18.556	20.046	23	0.0013
video_test_0001324	104.390	105.225	23	0.0002
video_test_0001324	81.229	86.020	7	0.0001
video_test_0001324	8.281	13.176	7	0.0001
video_test_0001324	104.833	106.839	7	0.0001
video_test_0001324	46.144	47.077	23	0.0001
video_test_0001324	44.691	46.170	7	0.0000
video_test_0001324	44.758	54.728	31	0.0000
video_test_0001324	140.658	141.922	23	0.0000
video_test_0001324	62.151	63.025	23	0.0000
video_test_0001324	85.333	85.906	24	0.0000
video_test_0001324	8.559	9.234	31	0.0000
video_test_0001324	134.953	136.324	79	0.0000
video_test_0001324	130.066	131.248	23	0.0000
video_test_0001324	128.159	130.281	24	0.0000
video_test_0001324	105.077	105.460	9	0.0000
video_test_0001324	44.185	44.953	12	0.0000
video_test_0001324	106.271	108.582	31	0.0000
video_test_0001324	20.079	20.911	24	0.0000
video_test_0001324	13.732	24.018	45	0.0000
video_test_0001324	62.848	63.689	23	0.0000
video_test_0001324	64.318	64.765	31	0.0000
video_test_0001324	87.726	88.697	31	0.0000
video_test_0001324	139.655	140.222	9	0.0000
video_test_0001324	86.185	86.616	31	0.0000
video_test_0001324	135.997	136.620	31	0.0000
video_test_0001324	17.983	18.812	12	0.0000
video_test_0001324	9.334	10.244	24	0.0000
video_test_0001324	140.306	140.885	31	0.0000
video_test_0001324	9.142	9.531	31	0.0000
video_test_0001324	10.057	10.729	12	0.0000
video_test_0000714	36.727	39.704	7	0.4752
video_test_0000714	37.278	37.809	31	0.0000
video_test_0000714	37.934	38.458	31	0.0000
video_test_0000714	36.493	37.094	31	0.0000
video_test_0000426	143.878	144.606	97	0.0335
video_test_0000426	28.578	29.348	97	0.0082
video_test_0000426	26.748	27.489	97	0.0004
video_test_0000426	144.322	145.393	97	0.0003
video_test_0000426	83.730	84.376	31	0.0001
video_test_0000426	29.122	29.902	31	0.0000
video_test_0000426	84.117	85.198	31	0.0000
video_test_0000426	27.887	28.263	97	0.0000
video_test_0000426	85.365	86.063	31	0.0000
video_test_0000426	85.726	87.945	31	0.0000
video_test_0000426	19.284	28.546	31	0.0000
video_test_0000426	27.492	27.907	97	0.0000
video_test_0000426	145.218	145.953	24	0.0000
video_test_0000426	28.142	28.528	97	0.0000
video_test_0001202	3.994	15.122	97	0.4464
video_test_0001202	12.220	13.898	97	0.0046
video_test_0001202	11.658	12.647	97	0.0000
video_test_0001202	13.517	14.444	97	0.0000
video_test_0001202	11.093	11.912	9	0.0000
video_test_0000026	145.069	146.482	92	0.8563
video_test_0000026	198.260	199.693	92	0.8560
video_test_0000026	94.324	96.716	92	0.8040
video_test_0000026	125.867	127.254	92	0.7457
video_test_0000026	48.120	49.650	92	0.3807
video_test_0000026	59.737	61.456	92	0.2782
video_test_0000026	173.619	174.521	92	0.2740
video_test_0000026	172.938	173.562	92	0.2030
video_test_0000026	117.768	119.267	92	0.1465
video_test_0000026	181.122	182.577	92	0.1259
video_test_0000026	48.923	49.210	92	0.0440
video_test_0000026	55.619	58.210	92	0.0431
video_test_0000026	45.750	46.080	93	0.0332
video_test_0000026	182.246	183.025	92	0.0294
video_test_0000026	63.508	66.198	92	0.0095
video_test_0000026	64.222	64.641	92	0.0046
video_test_0000026	48.680	48.941	92	0.0031
video_test_0000026	44.861	47.538	92	0.0020
video_test_0000026	46.431	46.796	92	0.0004
video_test_0000026	63.828	64.262	92	0.0004
video_test_0000026	144.475	145.203	92	0.0003
video_test_0000026	119.539	119.972	92	0.0002
video_test_0000026	199.542	199.939	92	0.0001
video_test_0000026	64.617	65.041	92	0.0001
video_test_0000026	146.535	146.824	92	0.0001
video_test_0000026	45.424	45.809	93	0.0000
video_test_0000026	49.801	51.104	92	0.0000
video_test_0000026	57.699	58.204	92	0.0000
video_test_0000026	61.817	64.289	92	0.0000
video_test_0000026	62.998	63.379	92	0.0000
video_test_0000026	57.418	57.782	92	0.0000
video_test_0000026	95.315	95.650	92	0.0000
video_test_0000026	60.349	60.665	93	0.0000
video_test_0000026	146.749	147.127	92	0.0000
video_test_0000026	95.596	95.915	92	0.0000
video_test_0000026	63.424	63.851	92	0.0000
video_test_0000026	95.049	95.361	92	0.0000
video_test_0000026	117.318	117.863	92	0.0000
video_test_0000026	127.040	127.902	92	0.0000
video_test_0000026	56.304	56.785	92	0.0000
video_test_0000026	199.818	200.197	92	0.0000
video_test_0000026	57.061	57.514	92	0.0000
video_test_0000026	46.709	47.146	92	0.0000
video_test_0000026	94.447	94.907	92	0.0000
video_test_0000026	141.692	151.628	36	0.0000
video_test_0000026	174.505	174.946	92	0.0000
video_test_0000026	61.294	61.833	92	0.0000
video_test_0000026	49.335	49.792	92	0.0000
video_test_0000026	45.050	45.499	92	0.0000
video_test_0000026	119.019	119.467	92	0.0000
video_test_0001270	4.431	15.007	21	0.0782
video_test_0001270	13.708	14.782	97	0.0000
video_test_0001270	8.686	9.803	97	0.0000
video_test_0001270	11.523	12.451	97	0.0000
video_test_0001270	6.261	7.301	97	0.0000
video_test_0001270	5.705	6.260	97	0.0000
video_test_0001270	7.856	8.774	97	0.0000
video_test_0001270	7.144	8.093	97	0.0000
video_test_0001270	13.369	13.925	97	0.0000
video_test_0001270	10.192	10.769	97	0.0000
video_test_0001270	12.638	13.156	97	0.0000
video_test_0001270	11.065	11.525	97	0.0000
video_test_0000602	31.846	35.118	26	1.0000
video_test_0000602	60.364	62.956	26	0.9989
video_test_0000602	160.909	163.561	26	0.9304
video_test_0000602	66.899	69.266	26	0.0494
video_test_0000602	146.749	149.273	26	0.0410
video_test_0000602	2.059	3.482	12	0.0006
video_test_0000602	60.494	61.010	26	0.0003
video_test_0000602	66.445	66.950	22	0.0000
video_test_0000602	33.335	33.904	97	0.0000
video_test_0000602	5.046	6.544	26	0.0000
video_test_0000602	8.533	9.034	12	0.0000
video_test_0000602	6.241	7.697	26	0.0000
video_test_0000602	32.576	32.958	31	0.0000
video_test_0000602	7.240	8.626	26	0.0000
video_test_0000602	162.133	162.662	26	0.0000
video_test_0000602	67.223	67.636	22	0.0000
video_test_0000602	146.006	146.653	22	0.0000
video_test_0000602	163.295	164.508	26	0.0000
video_test_0000602	1.423	2.247	12	0.0000
video_test_0001325	35.990	41.859	7	0.2235
video_test_0001325	91.669	94.622	24	0.0779
video_test_0001325	151.110	152.655	23	0.0020
video_test_0001325	93.999	99.305	7	0.0001
video_test_0001325	36.560	37.355	24	0.0001
video_test_0001325	36.384	36.654	24	0.0000
video_test_0001325	37.743	38.622	31	0.0000
video_test_0001325	149.091	151.713	23	0.0000
video_test_0001325	35.713	36.540	23	0.0000
video_test_0001325	37.090	37.909	31	0.0000
video_test_0001325	94.089	95.016	31	0.0000
video_test_0001325	92.097	92.442	12	0.0000
video_test_0001325	92.607	92.989	24	0.0000
video_test_0001325	93.014	93.591	31	0.0000
video_test_0000129	146.434	149.295	21	0.0000
video_test_0000129	147.985	148.535	9	0.0000
video_test_0001339	92.555	94.173	22	0.9998
video_test_0001339	122.377	123.952	22	0.9992
video_test_0001339	129.907	132.011	22	0.9992
video_test_0001339	96.250	98.754	22	0.9990
video_test_0001339	98.849	101.285	22	0.9988
video_test_0001339	44.260	46.131	22	0.9986
video_test_0001339	73.314	74.959	22	0.9968
video_test_0001339	112.104	114.579	22	0.9967
video_test_0001339	20.109	21.523	22	0.9909
video_test_0001339	22.443	24.117	22	0.9748
video_test_0001339	59.055	64.401	22	0.9073
video_test_0001339	10.373	13.127	22	0.9045
video_test_0001339	55.693	57.762	22	0.8543
video_test_0001339	87.941	89.520	22	0.8204
video_test_0001339	40.245	41.714	22	0.7951
video_test_0001339	41.393	42.819	22	0.3527
video_test_0001339	117.395	118.916	22	0.1350
video_test_0001339	42.517	43.927	22	0.1067
video_test_0001339	86.226	87.562	22	0.0484
video_test_0001339	19.161	20.430	22	0.0434
video_test_0001339	126.551	127.997	22	0.0107
video_test_0001339	63.709	66.033	22	0.0030
video_test_0001339	93.867	94.641	9	0.0002
video_test_0001339	95.059	96.253	22	0.0001
video_test_0001339	69.302	74.372	22	0.0001
video_test_0001339	65.958	67.977	22	0.0001
video_test_0001339	57.823	60.179	22	0.0001
video_test_0001339	21.274	21.761	22	0.0000
video_test_0001339	112.266	112.761	22	0.0000
video_test_0001339	76.732	79.438	22	0.0000
video_test_0001339	43.595	44.211	22	0.0000
video_test_0001339	121.336	122.104	22	0.0000
video_test_0001339	128.000	129.298	22	0.0000
video_test_0001339	111.967	112.418	22	0.0000
video_test_0001339	129.498	130.207	22	0.0000
video_test_0001339	87.282	87.949	22	0.0000
video_test_0001339	21.708	22.504	22	0.0000
video_test_0001339	108.526	110.795	22	0.0000
video_test_0001339	85.366	86.067	26	0.0000
video_test_0001339	119.467	119.961	24	0.0000
video_test_0001339	78.621	79.135	22	0.0000
video_test_0001339	118.568	119.420	26	0.0000
video_test_0001339	73.119	73.573	22	0.0000
video_test_0001339	72.470	73.029	22	0.0000
video_test_0001339	100.870	102.310	22	0.0000
video_test_0001339	39.940	40.554	22	0.0000
video_test_0001339	46.068	46.610	22	0.0000
video_test_0001339	129.041	129.551	22	0.0000
video_test_0001339	74.664	75.186	22	0.0000
video_test_0001339	107.374	109.061	22	0.0000
video_test_0001339	62.203	62.685	22	0.0000
video_test_0001339	114.106	114.770	22	0.0000
video_test_0001339	122.034	122.595	22	0.0000
video_test_0001339	23.978	24.443	22	0.0000
video_test_0001339	63.023	63.802	9	0.0000
video_test_0001339	37.966	48.277	22	0.0000
video_test_0001339	89.451	90.857	22	0.0000
video_test_0001339	98.685	99.278	22	0.0000
video_test_0001339	112.887	113.334	22	0.0000
video_test_0001339	96.529	96.979	12	0.0000
video_test_0001339	61.060	61.966	9	0.0000
video_test_0001339	12.200	12.730	12	0.0000
video_test_0001339	10.909	11.394	93	0.0000
video_test_0001339	121.253	130.644	22	0.0000
video_test_0001339	95.996	96.534	12	0.0000
video_test_0001339	57.366	58.128	22	0.0000
video_test_0001339	97.322	97.802	22	0.0000
video_test_0001339	62.680	63.147	31	0.0000
video_test_0001339	127.667	128.302	22	0.0000
video_test_0001339	60.452	61.002	12	0.0000
video_test_0001339	65.707	66.403	22	0.0000
video_test_0001339	87.338	97.240	22	0.0000
video_test_0001339	11.313	11.818	93	0.0000
video_test_0001339	131.573	132.204	12	0.0000
video_test_0001339	117.124	117.604	31	0.0000
video_test_0001339	94.659	95.265	12	0.0000
video_test_0001339	107.018	107.721	22	0.0000
video_test_0000007	343.302	351.932	51	0.0041
video_test_0000448	65.630	68.396	24	0.2240
video_test_0000448	66.274	66.787	24	0.0000
video_test_0000448	66.642	67.190	24	0.0000
video_test_0000903	57.721	59.647	9	1.0000
video_test_0000903	69.916	71.624	9	1.0000
video_test_0000903	44.075	45.725	9	1.0000
video_test_0000903	157.025	158.875	9	0.9999
video_test_0000903	13.515	16.883	9	0.9999
video_test_0000903	217.560	219.223	9	0.9998
video_test_0000903	180.581	182.439	9	0.9995
video_test_0000903	121.414	122.823	9	0.9994
video_test_0000903	233.123	236.046	9	0.9988
video_test_0000903	269.373	270.949	9	0.9980
video_test_0000903	245.370	248.047	9	0.9978
video_test_0000903	86.569	88.244	9	0.9976
video_test_0000903	83.233	84.648	9	0.9968
video_test_0000903	145.783	147.445	9	0.9961
video_test_0000903	114.394	115.955	9	0.9941
video_test_0000903	49.840	52.664	9	0.9848
video_test_0000903	61.831	63.861	9	0.9643
video_test_0000903	185.124	186.939	9	0.9450
video_test_0000903	129.753	131.293	9	0.9368
video_test_0000903	290.279	291.705	9	0.8781
video_test_0000903	23.424	25.125	9	0.8670
video_test_0000903	104.231	105.630	9	0.7969
video_test_0000903	99.765	101.241	9	0.7866
video_test_0000903	19.886	21.428	9	0.7326
video_test_0000903	253.654	255.444	9	0.7030
video_test_0000903	35.527	36.977	9	0.7021
video_test_0000903	77.192	78.704	9	0.4755
video_test_0000903	92.981	95.972	9	0.4221
video_test_0000903	276.245	279.530	9	0.3047
video_test_0000903	118.158	119.480	9	0.2520
video_test_0000903	10.474	12.069	9	0.2395
video_test_0000903	261.139	263.944	9	0.2187
video_test_0000903	205.377	206.901	9	0.2032
video_test_0000903	194.394	195.948	9	0.1215
video_test_0000903	213.760	215.391	9	0.0537
video_test_0000903	196.267	197.049	9	0.0252
video_test_0000903	79.920	81.587	9	0.0206
video_test_0000903	73.592	75.115	9	0.0169
video_test_0000903	85.895	86.583	9	0.0065
video_test_0000903	142.150	143.766	9	0.0026
video_test_0000903	95.573	97.307	9	0.0003
video_test_0000903	209.922	211.429	9	0.0003
video_test_0000903	247.516	248.780	9	0.0002
video_test_0000903	213.361	214.099	9	0.0002
video_test_0000903	268.795	269.711	9	0.0002
video_test_0000903	145.067	145.672	9	0.0001
video_test_0000903	76.800	77.298	9	0.0001
video_test_0000903	131.520	132.179	97	0.0001
video_test_0000903	37.126	37.819	9	0.0000
video_test_0000903	212.723	213.215	31	0.0000
video_test_0000903	22.847	23.804	9	0.0000
video_test_0000903	78.897	79.634	9	0.0000
video_test_0000903	79.453	80.163	9	0.0000
video_test_0000903	51.200	51.648	24	0.0000
video_test_0000903	204.800	205.409	24	0.0000
video_test_0000903	270.675	271.197	9	0.0000
video_test_0000903	103.850	104.296	9	0.0000
video_test_0000903	99.192	100.055	9	0.0000
video_test_0000903	289.504	290.133	9	0.0000
video_test_0000903	244.730	245.389	9	0.0000
video_test_0000903	119.467	119.887	24	0.0000
video_test_0000903	84.634	85.271	31	0.0000
video_test_0000903	60.572	61.653	9	0.0000
video_test_0000903	255.221	256.000	9	0.0000
video_test_0000903	291.385	292.300	9	0.0000
video_test_0000903	195.649	196.401	9	0.0000
video_test_0000903	16.388	17.017	31	0.0000
video_test_0000903	158.777	159.207	9	0.0000
video_test_0000903	93.221	93.742	31	0.0000
video_test_0000903	82.982	83.503	9	0.0000
video_test_0000903	51.975	52.474	9	0.0000
video_test_0001522	31.505	34.093	92	0.0032
video_test_0001522	29.794	32.221	92	0.0007
video_test_0001522	29.536	30.297	31	0.0001
video_test_0001522	5.296	16.502	36	0.0000
video_test_0001522	27.561	29.997	92	0.0000
video_test_0001522	33.013	33.418	12	0.0000
video_test_0001522	6.846	8.497	92	0.0000
video_test_0001522	8.533	9.264	31	0.0000
video_test_0001522	29.233	29.684	92	0.0000
video_test_0001522	31.456	31.922	92	0.0000
video_test_0001522	32.549	32.956	92	0.0000
video_test_0001522	28.550	29.021	92	0.0000
video_test_0001522	32.249	32.593	92	0.0000
video_test_0001522	31.965	32.374	92	0.0000
video_test_0001522	30.555	31.028	12	0.0000
video_test_0001522	6.165	7.220	12	0.0000
video_test_0000413	2.067	4.872	31	0.0001
video_test_0000413	13.640	15.229	31	0.0000
video_test_0000413	10.440	13.488	31	0.0000
video_test_0000413	9.389	10.412	31	0.0000
video_test_0000413	4.625	5.132	31	0.0000
video_test_0000413	13.053	13.798	31	0.0000
video_test_0000308	27.899	33.411	40	0.3149
video_test_0000308	30.664	31.087	97	0.0000
video_test_0000308	31.202	32.159	40	0.0000
video_test_0000308	30.059	30.690	31	0.0000
video_test_0000308	29.514	30.180	31	0.0000
video_test_0000273	66.124	67.637	24	0.7266
video_test_0000273	76.239	77.567	24	0.6036
video_test_0000273	11.427	13.114	24	0.4844
video_test_0000273	115.274	118.020	24	0.0886
video_test_0000273	51.504	52.427	24	0.0724
video_test_0000273	50.150	51.535	24	0.0637
video_test_0000273	94.798	95.574	24	0.0129
video_test_0000273	75.823	76.482	24	0.0001
video_test_0000273	93.902	94.545	24	0.0001
video_test_0000273	71.832	76.380	24	0.0001
video_test_0000273	65.960	66.270	24	0.0000
video_test_0000273	46.375	51.029	24	0.0000
video_test_0000273	111.326	116.518	24	0.0000
video_test_0000273	11.291	11.570	24	0.0000
video_test_0000273	65.619	65.914	24	0.0000
video_test_0000273	51.619	56.626	24	0.0000
video_test_0000273	95.370	97.057	24	0.0000
video_test_0000273	94.449	94.814	24	0.0000
video_test_0000273	93.632	93.939	24	0.0000
video_test_0000273	117.075	117.426	24	0.0000
video_test_0000273	116.379	116.682	24	0.0000
video_test_0000273	65.344	65.721	24	0.0000
video_test_0000273	115.744	116.122	12	0.0000
video_test_0000273	75.574	75.966	24	0.0000
video_test_0000273	116.066	116.375	24	0.0000
video_test_0000273	12.827	13.269	24	0.0000
video_test_0000273	10.014	21.081	31	0.0000
video_test_0000357	7.863	9.449	22	0.8448
video_test_0000357	20.234	20.985	26	0.0006
video_test_0000357	5.427	14.974	22	0.0000
video_test_0000357	21.096	21.514	22	0.0000
video_test_0000357	19.730	20.250	97	0.0000
video_test_0000357	7.350	7.945	12	0.0000
video_test_0000357	9.143	10.499	22	0.0000
video_test_0000357	19.194	19.724	31	0.0000
video_test_0000357	17.167	19.928	22	0.0000
video_test_0000450	11.510	12.709	9	0.0202
video_test_0000450	12.536	13.731	9	0.0001
video_test_0000450	10.646	11.246	9	0.0000
video_test_0000450	5.801	14.796	22	0.0000
video_test_0000450	11.235	11.689	9	0.0000
video_test_0001556	54.189	55.877	31	0.0000
video_test_0001556	52.885	62.768	31	0.0000
video_test_0001556	53.622	54.548	23	0.0000
video_test_0001556	52.041	53.004	31	0.0000
video_test_0001556	53.016	53.709	85	0.0000
video_test_0001268	68.821	75.170	79	0.9691
video_test_0001268	74.224	77.095	79	0.0003
video_test_0001268	58.160	59.705	79	0.0001
video_test_0001268	59.733	60.703	9	0.0000
video_test_0001268	76.800	77.639	24	0.0000
video_test_0001268	11.312	12.757	31	0.0000
video_test_0001268	56.177	67.093	22	0.0000
video_test_0001268	10.433	10.887	12	0.0000
video_test_0001268	10.336	20.832	31	0.0000
video_test_0001268	10.870	11.418	12	0.0000
video_test_0001268	12.472	13.018	12	0.0000
video_test_0001268	74.372	74.896	12	0.0000
video_test_0001268	76.071	76.608	12	0.0000
video_test_0001268	57.792	58.508	12	0.0000
video_test_0001079	350.527	353.583	51	0.2077
video_test_0001079	372.447	375.004	79	0.0021
video_test_0000665	28.767	31.402	40	0.9690
video_test_0000665	34.924	38.047	40	0.6488
video_test_0000665	182.177	185.145	40	0.2280
video_test_0000665	142.419	147.709	68	0.0206
video_test_0000665	23.446	25.975	40	0.0051
video_test_0000665	159.412	161.515	26	0.0000
video_test_0000665	34.133	34.866	24	0.0000
video_test_0000665	229.603	231.349	26	0.0000
video_test_0000665	145.067	145.872	26	0.0000
video_test_0000665	181.682	182.612	26	0.0000
video_test_0000665	144.351	144.967	31	0.0000
video_test_0000541	10.391	11.903	31	0.0819
video_test_0000541	9.395	10.292	31	0.0000
video_test_0000541	11.520	12.433	31	0.0000
video_test_0000541	10.111	10.606	12	0.0000
video_test_0000786	32.073	33.512	23	0.9972
video_test_0000786	52.775	54.282	23	0.8900
video_test_0000786	80.865	82.265	23	0.8530
video_test_0000786	3.976	5.161	23	0.7419
video_test_0000786	82.303	83.026	24	0.6857
video_test_0000786	33.517	34.212	24	0.2206
video_test_0000786	34.145	34.833	24	0.0099
video_test_0000786	80.488	81.160	23	0.0006
video_test_0000786	82.485	85.173	24	0.0001
video_test_0000786	0.274	4.892	7	0.0000
video_test_0000786	34.387	36.684	23	0.0000
video_test_0000786	51.223	52.642	24	0.0000
video_test_0000786	31.740	32.171	24	0.0000
video_test_0000786	52.260	53.141	23	0.0000
video_test_0000786	82.935	83.388	23	0.0000
video_test_0000786	3.039	3.913	23	0.0000
video_test_0000786	5.801	6.467	23	0.0000
video_test_0000786	79.803	80.191	23	0.0000
video_test_0000786	81.764	82.025	24	0.0000
video_test_0000786	82.040	82.345	23	0.0000
video_test_0000786	5.188	5.921	24	0.0000
video_test_0000786	3.757	4.173	23	0.0000
video_test_0001255	635.803	637.269	9	0.0068
video_test_0001255	627.795	637.748	45	0.0000
video_test_0001255	634.880	635.321	31	0.0000
video_test_0000989	41.958	43.484	26	0.9986
video_test_0000989	140.420	142.107	26	0.9925
video_test_0000989	122.345	123.989	26	0.9866
video_test_0000989	136.993	138.622	26	0.9840
video_test_0000989	29.978	31.730	26	0.9542
video_test_0000989	112.026	113.620	26	0.8450
video_test_0000989	3.484	5.242	26	0.5648
video_test_0000989	91.920	93.635	26	0.0185
video_test_0000989	157.390	159.087	26	0.0019
video_test_0000989	22.119	23.718	26	0.0008
video_test_0000989	136.533	137.329	26	0.0000
video_test_0000989	43.140	47.556	26	0.0000
video_test_0000989	134.421	136.533	26	0.0000
video_test_0000989	19.308	22.008	26	0.0000
video_test_0000989	31.784	32.612	26	0.0000
video_test_0000989	158.754	159.613	26	0.0000
video_test_0000989	138.222	139.237	26	0.0000
video_test_0000989	155.361	166.425	22	0.0000
video_test_0000989	131.997	143.350	26	0.0000
video_test_0000989	43.430	44.050	26	0.0000
video_test_0000989	20.208	32.970	26	0.0000
video_test_0000989	124.046	124.940	26	0.0000
video_test_0000989	113.264	114.220	26	0.0000
video_test_0000989	4.827	6.319	26	0.0000
video_test_0000989	29.385	30.155	26	0.0000
video_test_0000989	41.365	42.294	26	0.0000
video_test_0000989	90.577	92.211	26	0.0000
video_test_0000989	121.863	122.504	26	0.0000
video_test_0000989	139.896	140.613	26	0.0000
video_test_0001174	201.358	202.733	79	0.0115
video_test_0001174	203.465	204.685	24	0.0000
video_test_0001174	202.517	203.317	40	0.0000
video_test_0001174	201.145	201.586	31	0.0000
video_test_0000412	165.765	168.503	12	0.1183
video_test_0000412	166.129	166.555	12	0.0000
video_test_0000412	166.601	167.036	12	0.0000
video_test_0000412	165.673	166.132	12	0.0000
video_test_0000412	167.131	167.583	12	0.0000
video_test_0000412	167.428	167.934	12	0.0000
video_test_0000549	54.370	54.958	23	0.8680
video_test_0000549	54.720	55.660	24	0.1857
video_test_0000549	12.461	13.968	24	0.0119
video_test_0000549	11.633	12.313	23	0.0094
video_test_0000549	13.622	14.883	24	0.0048
video_test_0000549	55.482	56.846	24	0.0010
video_test_0000549	56.514	57.867	31	0.0006
video_test_0000549	14.843	15.411	24	0.0005
video_test_0000549	12.392	12.699	24	0.0000
video_test_0000549	32.000	33.299	24	0.0000
video_test_0000549	27.090	37.127	31	0.0000
video_test_0000549	33.203	33.517	9	0.0000
video_test_0000549	15.356	15.982	24	0.0000
video_test_0000549	30.718	32.072	24	0.0000
video_test_0000549	7.904	12.959	7	0.0000
video_test_0001129	40.600	43.571	45	0.0100
video_test_0001129	43.750	45.408	79	0.0000
video_test_0001129	42.667	43.209	24	0.0000
video_test_0001129	45.192	45.886	12	0.0000
video_test_0001129	43.505	44.067	12	0.0000
video_test_0001129	41.583	42.153	31	0.0000
video_test_0001129	40.783	41.368	12	0.0000
video_test_0000367	88.844	91.731	31	0.0083
video_test_0000367	102.525	103.773	36	0.0016
video_test_0000367	99.674	102.129	31	0.0007
video_test_0000367	147.713	149.345	85	0.0005
video_test_0000367	94.015	96.571	79	0.0002
video_test_0000367	8.568	9.395	31	0.0000
video_test_0000367	9.331	10.792	31	0.0000
video_test_0000367	155.518	157.030	31	0.0000
video_test_0000367	89.821	90.345	12	0.0000
video_test_0000367	153.600	154.984	85	0.0000
video_test_0000367	101.663	102.400	23	0.0000
video_test_0000367	95.420	95.931	9	0.0000
video_test_0000367	154.975	155.689	12	0.0000
video_test_0000367	89.188	89.637	31	0.0000
video_test_0000367	149.145	150.092	12	0.0000
video_test_0000367	146.585	147.603	9	0.0000
video_test_0000367	90.677	91.211	12	0.0000
video_test_0000796	36.487	38.800	24	0.0138
video_test_0000796	34.835	36.287	24	0.0001
video_test_0000796	18.180	22.721	7	0.0000
video_test_0000796	119.042	123.344	45	0.0000
video_test_0000796	119.846	120.666	23	0.0000
video_test_0000796	88.897	89.745	23	0.0000
video_test_0000796	22.235	23.099	23	0.0000
video_test_0000796	87.309	88.626	23	0.0000
video_test_0000796	87.240	96.961	31	0.0000
video_test_0000796	22.376	33.126	31	0.0000
video_test_0000796	36.307	36.802	23	0.0000
video_test_0000796	21.746	22.305	12	0.0000
video_test_0000442	55.392	56.982	40	0.9980
video_test_0000442	50.210	52.915	40	0.8044
video_test_0000442	56.824	57.780	40	0.0004
video_test_0000442	52.584	53.553	40	0.0003
video_test_0000442	54.808	55.634	40	0.0000
video_test_0000442	51.200	51.702	31	0.0000
video_test_0000442	51.772	52.215	97	0.0000
video_test_0000442	52.172	52.677	31	0.0000
video_test_0001452	26.687	28.214	97	0.3175
video_test_0001452	18.853	29.686	23	0.1076
video_test_0001452	54.769	55.460	97	0.0630
video_test_0001452	55.190	56.767	97	0.0168
video_test_0001452	53.024	54.716	97	0.0161
video_test_0001452	18.140	19.654	97	0.0123
video_test_0001452	41.426	42.183	97	0.0022
video_test_0001452	17.526	18.246	97	0.0002
video_test_0001452	46.795	57.980	22	0.0002
video_test_0001452	26.025	26.835	97	0.0002
video_test_0001452	42.393	43.198	24	0.0001
video_test_0001452	10.436	21.147	51	0.0000
video_test_0001452	56.370	57.285	97	0.0000
video_test_0001452	41.986	42.584	31	0.0000
video_test_0001452	55.963	56.242	97	0.0000
video_test_0001452	36.165	45.662	22	0.0000
video_test_0001452	40.449	41.338	31	0.0000
video_test_0001081	16.424	19.039	26	0.1704
video_test_0001081	15.827	17.004	26	0.0000
video_test_0001081	17.067	17.565	24	0.0000
video_test_0000423	60.935	62.259	92	0.9201
video_test_0000423	58.151	59.649	92	0.4259
video_test_0000423	33.190	34.797	92	0.3029
video_test_0000423	35.826	38.298	92	0.1255
video_test_0000423	137.555	138.851	92	0.0734
video_test_0000423	38.660	40.008	92	0.0102
video_test_0000423	139.296	140.930	92	0.0059
video_test_0000423	40.009	41.560	92	0.0058
video_test_0000423	41.116	42.528	92	0.0027
video_test_0000423	59.630	61.099	92	0.0001
video_test_0000423	58.556	58.800	92	0.0001
video_test_0000423	36.329	36.611	92	0.0000
video_test_0000423	36.621	36.887	92	0.0000
video_test_0000423	33.985	34.240	92	0.0000
video_test_0000423	58.817	59.095	92	0.0000
video_test_0000423	33.747	33.968	92	0.0000
video_test_0000423	36.831	37.176	92	0.0000
video_test_0000423	34.213	34.529	92	0.0000
video_test_0000423	57.956	58.365	92	0.0000
video_test_0000423	34.472	35.293	31	0.0000
video_test_0000423	37.082	37.533	92	0.0000
video_test_0000423	55.246	66.666	36	0.0000
video_test_0000423	138.888	139.355	92	0.0000
video_test_0000423	62.204	62.618	92	0.0000
video_test_0000423	131.928	143.199	36	0.0000
video_test_0000423	39.715	40.127	92	0.0000
video_test_0000423	62.742	63.121	92	0.0000
video_test_0000423	137.429	137.818	92	0.0000
video_test_0000073	21.351	23.786	79	0.2336
video_test_0000073	21.364	21.776	93	0.0000
video_test_0000073	23.325	24.081	26	0.0000
video_test_0000405	171.682	173.107	24	0.7113
video_test_0000405	149.603	152.287	24	0.3303
video_test_0000405	177.778	179.200	24	0.0343
video_test_0000405	88.706	93.136	33	0.0212
video_test_0000405	76.002	78.672	33	0.0008
video_test_0000405	145.375	146.300	24	0.0005
video_test_0000405	173.009	173.847	93	0.0004
video_test_0000405	151.772	153.512	24	0.0004
video_test_0000405	92.643	93.867	31	0.0002
video_test_0000405	145.067	145.526	24	0.0000
video_test_0000405	76.800	77.284	92	0.0000
video_test_0000405	137.446	148.283	36	0.0000
video_test_0000405	150.938	151.470	92	0.0000
video_test_0000405	90.531	91.262	12	0.0000
video_test_0000405	178.592	183.602	24	0.0000
video_test_0000405	91.540	91.869	12	0.0000
video_test_0000405	146.508	146.958	12	0.0000
video_test_0000405	77.252	77.772	12	0.0000
video_test_0000405	75.620	76.433	12	0.0000
video_test_0000405	91.291	91.635	24	0.0000
video_test_0000405	76.319	76.713	12	0.0000
video_test_0000211	46.847	48.146	97	1.0000
video_test_0000211	13.233	14.619	97	0.9997
video_test_0000211	50.272	51.701	97	0.9995
video_test_0000211	10.573	11.993	97	0.8365
video_test_0000211	17.075	18.452	97	0.7308
video_test_0000211	8.742	9.980	97	0.2436
video_test_0000211	11.682	13.001	97	0.1089
video_test_0000211	7.884	8.713	97	0.0083
video_test_0000211	51.462	51.902	97	0.0044
video_test_0000211	18.849	20.326	97	0.0025
video_test_0000211	9.773	10.428	97	0.0001
video_test_0000211	12.634	13.596	97	0.0000
video_test_0000211	47.786	48.691	97	0.0000
video_test_0000211	14.485	16.794	97	0.0000
video_test_0000211	52.067	52.527	97	0.0000
video_test_0000211	49.195	50.549	97	0.0000
video_test_0000211	48.565	49.045	97	0.0000
video_test_0000211	14.440	14.859	97	0.0000
video_test_0000211	5.262	15.452	24	0.0000
video_test_0000211	18.323	18.892	97	0.0000
video_test_0000211	37.891	49.390	23	0.0000
video_test_0000278	70.502	73.162	22	0.9998
video_test_0000278	21.987	24.833	22	0.9996
video_test_0000278	136.540	137.950	22	0.9928
video_test_0000278	51.048	53.703	22	0.9884
video_test_0000278	141.892	144.394	22	0.9849
video_test_0000278	46.136	48.941	22	0.9783
video_test_0000278	88.712	91.211	22	0.9618
video_test_0000278	81.048	82.487	22	0.9549
video_test_0000278	57.379	58.969	22	0.9404
video_test_0000278	160.172	162.774	22	0.9127
video_test_0000278	181.930	184.649	22	0.9115
video_test_0000278	118.316	121.275	22	0.8632
video_test_0000278	98.804	100.474	22	0.6523
video_test_0000278	54.546	56.120	22	0.5810
video_test_0000278	85.770	87.435	22	0.5088
video_test_0000278	83.568	85.033	22	0.5060
video_test_0000278	152.107	154.960	22	0.1949
video_test_0000278	93.959	95.279	22	0.1755
video_test_0000278	58.843	61.585	22	0.1255
video_test_0000278	178.422	180.152	22	0.0656
video_test_0000278	40.463	41.916	22	0.0257
video_test_0000278	109.473	110.892	22	0.0148
video_test_0000278	121.064	121.965	22	0.0076
video_test_0000278	140.188	141.744	22	0.0002
video_test_0000278	41.724	42.406	22	0.0001
video_test_0000278	39.498	40.008	22	0.0000
video_test_0000278	120.548	121.060	22	0.0000
video_test_0000278	82.534	83.244	22	0.0000
video_test_0000278	24.141	25.545	22	0.0000
video_test_0000278	51.200	51.691	31	0.0000
video_test_0000278	85.333	85.834	31	0.0000
video_test_0000278	110.933	111.326	24	0.0000
video_test_0000278	46.463	46.928	22	0.0000
video_test_0000278	119.877	120.380	22	0.0000
video_test_0000278	39.915	40.455	22	0.0000
video_test_0000278	58.681	59.225	22	0.0000
video_test_0000278	59.733	60.277	31	0.0000
video_test_0000278	136.360	136.757	22	0.0000
video_test_0000278	119.467	119.949	22	0.0000
video_test_0000278	68.620	71.202	22	0.0000
video_test_0000278	89.129	89.574	31	0.0000
video_test_0000278	77.450	88.888	31	0.0000
video_test_0000278	160.002	160.502	22	0.0000
video_test_0000278	87.190	87.753	31	0.0000
video_test_0000278	93.177	93.867	31	0.0000
video_test_0000278	23.482	23.865	22	0.0000
video_test_0000278	89.448	89.842	31	0.0000
video_test_0000278	80.690	81.279	22	0.0000
video_test_0000278	153.600	154.144	24	0.0000
video_test_0000278	53.234	54.754	22	0.0000
video_test_0000278	114.710	119.159	22	0.0000
video_test_0000278	177.731	178.363	22	0.0000
video_test_0000278	162.347	164.403	22	0.0000
video_test_0000278	144.140	145.067	26	0.0000
video_test_0000278	91.206	91.749	22	0.0000
video_test_0000278	118.628	119.217	22	0.0000
video_test_0000278	108.800	109.632	22	0.0000
video_test_0000278	118.211	118.794	22	0.0000
video_test_0000278	59.262	59.749	31	0.0000
video_test_0000278	56.908	57.352	12	0.0000
video_test_0000278	182.400	182.904	22	0.0000
video_test_0000278	21.936	22.476	22	0.0000
video_test_0000278	110.638	111.034	12	0.0000
video_test_0000278	162.219	162.722	22	0.0000
video_test_0000278	47.047	47.502	22	0.0000
video_test_0000278	137.877	138.365	31	0.0000
video_test_0000278	84.915	85.418	22	0.0000
video_test_0000278	182.019	182.436	31	0.0000
video_test_0000278	71.251	71.768	22	0.0000
video_test_0000278	83.202	83.789	31	0.0000
video_test_0000278	52.564	53.020	22	0.0000
video_test_0001194	16.863	18.127	24	0.1373
video_test_0001194	54.295	54.969	23	0.0450
video_test_0001194	40.717	43.057	23	0.0000
video_test_0001194	54.981	56.326	9	0.0000
video_test_0001194	42.667	43.404	24	0.0000
video_test_0001194	27.046	27.978	9	0.0000
video_test_0001194	41.888	42.262	12	0.0000
video_test_0001194	26.522	27.129	9	0.0000
video_test_0001194	17.511	21.930	24	0.0000
video_test_0001194	18.199	18.532	12	0.0000
video_test_0001194	42.214	42.567	23	0.0000
video_test_0001194	28.560	29.482	12	0.0000
video_test_0001194	17.882	18.290	24	0.0000
video_test_0001194	53.326	63.806	31	0.0000
video_test_0001194	18.415	18.818	31	0.0000
video_test_0001194	27.772	28.216	9	0.0000
video_test_0001194	53.907	54.489	31	0.0000
video_test_0001194	43.366	44.300	31	0.0000
video_test_0001194	28.278	28.772	12	0.0000
video_test_0000724	106.424	108.929	22	0.9996
video_test_0000724	2.041	4.485	22	0.9950
video_test_0000724	136.326	139.093	22	0.9938
video_test_0000724	64.904	67.687	22	0.9921
video_test_0000724	71.239	73.908	22	0.9416
video_test_0000724	95.910	98.476	22	0.8664
video_test_0000724	13.431	15.722	22	0.6421
video_test_0000724	54.851	57.459	22	0.1430
video_test_0000724	130.498	134.987	22	0.0340
video_test_0000724	41.895	44.578	22	0.0168
video_test_0000724	18.723	21.643	22	0.0016
video_test_0000724	23.276	32.712	22	0.0006
video_test_0000724	45.430	55.643	22	0.0001
video_test_0000724	4.268	4.992	26	0.0000
video_test_0000724	24.938	26.811	23	0.0000
video_test_0000724	38.708	42.433	22	0.0000
video_test_0000724	23.684	25.544	22	0.0000
video_test_0000724	42.667	43.134	12	0.0000
video_test_0000724	132.075	132.884	12	0.0000
video_test_0000724	67.408	68.167	22	0.0000
video_test_0000724	51.200	51.664	24	0.0000
video_test_0000724	3.904	4.355	22	0.0000
video_test_0000724	52.011	52.916	9	0.0000
video_test_0000724	14.602	15.043	22	0.0000
video_test_0000724	137.006	137.390	12	0.0000
video_test_0000724	14.124	14.528	22	0.0000
video_test_0000724	2.901	3.336	22	0.0000
video_test_0000724	54.169	55.085	12	0.0000
video_test_0000724	15.411	16.049	26	0.0000
video_test_0000724	3.217	3.673	22	0.0000
video_test_0000724	108.290	109.750	22	0.0000
video_test_0000724	133.665	134.533	26	0.0000
video_test_0000724	71.955	72.472	12	0.0000
video_test_0000724	20.321	20.754	23	0.0000
video_test_0000724	106.085	106.914	12	0.0000
video_test_0000724	132.910	133.482	12	0.0000
video_test_0000724	21.104	21.980	12	0.0000
video_test_0000724	98.054	98.776	26	0.0000
video_test_0000724	19.503	19.911	9	0.0000
video_test_0000724	57.036	58.141	12	0.0000
video_test_0000724	70.781	71.754	12	0.0000
video_test_0000724	26.312	27.832	22	0.0000
video_test_0000724	96.537	97.030	22	0.0000
video_test_0000724	51.630	52.184	22	0.0000
video_test_0000724	137.528	138.050	22	0.0000
video_test_0000724	95.613	96.289	12	0.0000
video_test_0000724	41.736	42.371	12	0.0000
video_test_0000724	136.529	137.023	12	0.0000
video_test_0000724	52.726	53.291	31	0.0000
video_test_0000724	138.781	139.346	9	0.0000
video_test_0000724	41.189	41.910	12	0.0000
video_test_0000724	134.272	134.970	12	0.0000
video_test_0000085	170.709	172.409	26	0.0855
video_test_0000085	164.315	176.202	31	0.0000
video_test_0000085	169.850	170.602	26	0.0000
video_test_0000085	172.143	172.769	26	0.0000
video_test_0001319	44.687	45.882	79	0.0003
video_test_0001319	44.269	44.947	97	0.0000
video_test_0001319	43.704	44.346	97	0.0000
video_test_0001319	45.553	46.375	24	0.0000
video_test_0000716	586.159	587.937	9	0.9988
video_test_0000716	576.143	578.881	9	0.9585
video_test_0000716	213.300	214.714	9	0.9284
video_test_0000716	12.162	15.030	9	0.7310
video_test_0000716	562.204	565.026	9	0.4982
video_test_0000716	640.093	641.470	9	0.2308
video_test_0000716	589.631	591.182	9	0.1635
video_test_0000716	107.677	109.141	9	0.0748
video_test_0000716	422.263	423.671	9	0.0592
video_test_0000716	126.766	127.957	9	0.0324
video_test_0000716	625.536	628.367	9	0.0240
video_test_0000716	486.002	488.805	9	0.0236
video_test_0000716	116.832	118.153	9	0.0180
video_test_0000716	193.365	196.172	9	0.0122
video_test_0000716	95.909	96.718	9	0.0122
video_test_0000716	362.053	362.855	9	0.0097
video_test_0000716	221.838	222.808	9	0.0088
video_test_0000716	333.079	334.154	9	0.0077
video_test_0000716	492.642	495.101	9	0.0067
video_test_0000716	93.989	95.584	9	0.0063
video_test_0000716	546.506	549.085	9	0.0058
video_test_0000716	477.186	477.984	9	0.0042
video_test_0000716	384.855	385.738	9	0.0031
video_test_0000716	36.080	37.226	9	0.0011
video_test_0000716	7.546	9.031	9	0.0005
video_test_0000716	362.612	363.542	9	0.0005
video_test_0000716	620.603	621.859	9	0.0003
video_test_0000716	315.980	316.976	9	0.0003
video_test_0000716	237.193	238.194	9	0.0003
video_test_0000716	157.850	160.236	9	0.0002
video_test_0000716	448.807	449.782	9	0.0002
video_test_0000716	222.820	228.699	9	0.0002
video_test_0000716	641.376	642.096	9	0.0001
video_test_0000716	221.169	221.867	23	0.0001
video_test_0000716	424.002	424.691	9	0.0001
video_test_0000716	186.449	187.649	9	0.0000
video_test_0000716	421.783	422.550	9	0.0000
video_test_0000771	95.391	96.833	12	0.9289
video_test_0000771	46.383	48.132	12	0.0402
video_test_0000771	63.828	65.576	12	0.0133
video_test_0000771	55.773	67.621	12	0.0003
video_test_0000771	38.468	50.695	24	0.0002
video_test_0000771	87.546	97.438	12	0.0000
video_test_0000771	94.846	95.613	12	0.0000
video_test_0000771	45.790	46.564	12	0.0000
video_test_0000771	65.279	66.160	12	0.0000
video_test_0000622	164.287	166.799	24	0.8780
video_test_0000622	87.763	89.101	24	0.8040
video_test_0000622	173.050	174.371	23	0.1515
video_test_0000622	94.027	95.337	23	0.1451
video_test_0000622	95.816	97.067	24	0.1191
video_test_0000622	178.400	179.600	23	0.0238
video_test_0000622	81.019	83.510	23	0.0228
video_test_0000622	93.410	94.066	23	0.0000
video_test_0000622	164.574	164.918	23	0.0000
video_test_0000622	174.645	179.080	24	0.0000
video_test_0000622	166.789	167.643	24	0.0000
video_test_0000622	82.847	83.144	24	0.0000
video_test_0000622	90.580	100.391	31	0.0000
video_test_0000622	95.335	96.137	24	0.0000
video_test_0000622	81.045	81.499	97	0.0000
video_test_0000622	82.559	82.770	23	0.0000
video_test_0000622	178.072	178.568	31	0.0000
video_test_0000622	165.913	170.247	24	0.0000
video_test_0000622	82.213	82.548	97	0.0000
video_test_0000622	165.131	165.455	24	0.0000
video_test_0000622	86.702	87.588	24	0.0000
video_test_0000591	23.121	28.182	85	0.0006
video_test_0000591	24.803	25.534	31	0.0000
video_test_0000591	23.940	24.531	12	0.0000
video_test_0000591	25.318	25.955	12	0.0000
video_test_0000615	45.265	56.991	97	0.6571
video_test_0000615	52.113	53.028	9	0.0000
video_test_0000615	52.856	54.397	97	0.0000
video_test_0000039	125.911	127.330	92	0.9470
video_test_0000039	46.547	48.091	92	0.3187
video_test_0000039	8.173	9.781	92	0.1344
video_test_0000039	54.108	55.466	92	0.1169
video_test_0000039	49.634	51.121	92	0.0881
video_test_0000039	52.180	53.584	92	0.0207
video_test_0000039	14.711	15.969	92	0.0033
video_test_0000039	8.067	8.438	92	0.0026
video_test_0000039	53.158	54.340	92	0.0020
video_test_0000039	46.499	46.768	92	0.0009
video_test_0000039	7.892	8.161	92	0.0004
video_test_0000039	45.944	46.222	92	0.0004
video_test_0000039	3.927	6.731	92	0.0003
video_test_0000039	6.451	7.753	92	0.0002
video_test_0000039	124.767	125.923	92	0.0002
video_test_0000039	7.488	7.789	92	0.0001
video_test_0000039	50.869	52.400	92	0.0001
video_test_0000039	49.419	49.722	92	0.0000
video_test_0000039	15.873	17.029	92	0.0000
video_test_0000039	45.701	46.042	92	0.0000
video_test_0000039	47.596	49.214	92	0.0000
video_test_0000039	7.285	7.545	92	0.0000
video_test_0000039	14.507	14.852	92	0.0000
video_test_0000039	49.073	49.516	92	0.0000
video_test_0000039	38.205	49.569	31	0.0000
video_test_0000039	14.245	14.617	92	0.0000
video_test_0000254	38.699	41.297	26	1.0000
video_test_0000254	28.780	30.478	26	0.9999
video_test_0000254	174.351	176.165	26	0.9980
video_test_0000254	42.431	44.298	26	0.9974
video_test_0000254	193.985	195.689	26	0.9974
video_test_0000254	35.676	37.447	26	0.9883
video_test_0000254	86.391	88.049	26	0.9662
video_test_0000254	64.947	66.699	26	0.9540
video_test_0000254	186.515	188.219	26	0.9518
video_test_0000254	171.390	173.162	26	0.9514
video_test_0000254	96.440	98.810	26	0.9480
video_test_0000254	155.460	157.018	26	0.9415
video_test_0000254	123.737	125.282	26	0.8987
video_test_0000254	75.707	80.763	26	0.8908
video_test_0000254	90.445	93.016	26	0.7985
video_test_0000254	167.456	169.361	26	0.7532
video_test_0000254	107.403	110.305	26	0.7309
video_test_0000254	169.794	170.614	26	0.5880
video_test_0000254	100.824	105.827	26	0.5465
video_test_0000254	93.853	95.518	26	0.5297
video_test_0000254	157.806	159.592	26	0.5260
video_test_0000254	164.887	166.540	26	0.5196
video_test_0000254	181.644	183.252	26	0.5068
video_test_0000254	70.637	72.163	26	0.4933
video_test_0000254	59.900	61.033	26	0.4432
video_test_0000254	68.396	70.011	26	0.3940
video_test_0000254	45.701	50.760	26	0.3894
video_test_0000254	24.700	26.257	26	0.3245
video_test_0000254	51.105	52.476	26	0.2704
video_test_0000254	184.796	186.540	26	0.2601
video_test_0000254	117.355	119.215	26	0.1994
video_test_0000254	191.038	193.678	26	0.1927
video_test_0000254	178.123	179.595	26	0.1746
video_test_0000254	188.944	190.715	26	0.1322
video_test_0000254	121.611	123.949	26	0.1227
video_test_0000254	54.280	55.878	26	0.0370
video_test_0000254	57.004	59.398	26	0.0361
video_test_0000254	62.145	64.586	26	0.0118
video_test_0000254	162.632	164.174	26	0.0055
video_test_0000254	160.067	161.816	26	0.0045
video_test_0000254	166.177	167.064	26	0.0017
video_test_0000254	30.860	32.484	26	0.0012
video_test_0000254	121.126	121.925	26	0.0007
video_test_0000254	170.667	171.379	26	0.0006
video_test_0000254	41.279	42.228	26	0.0004
video_test_0000254	104.967	106.543	26	0.0004
video_test_0000254	59.165	59.948	40	0.0004
video_test_0000254	126.519	127.934	26	0.0002
video_test_0000254	95.942	96.586	26	0.0002
video_test_0000254	89.005	89.762	26	0.0001
video_test_0000254	55.647	56.594	26	0.0001
video_test_0000254	149.221	150.543	26	0.0000
video_test_0000254	75.758	76.713	26	0.0000
video_test_0000254	64.327	65.218	26	0.0000
video_test_0000254	38.368	39.092	26	0.0000
video_test_0000254	118.847	119.533	26	0.0000
video_test_0000254	162.133	162.631	26	0.0000
video_test_0000254	100.196	101.591	26	0.0000
video_test_0000254	44.871	46.479	26	0.0000
video_test_0000254	67.572	68.116	26	0.0000
video_test_0000254	147.551	149.737	26	0.0000
video_test_0000254	102.400	102.824	12	0.0000
video_test_0000254	183.710	184.213	26	0.0000
video_test_0000254	163.956	164.847	26	0.0000
video_test_0000254	154.517	155.441	26	0.0000
video_test_0000254	80.289	81.232	26	0.0000
video_test_0000254	68.267	68.724	12	0.0000
video_test_0000254	195.448	196.242	26	0.0000
video_test_0000254	76.800	77.160	12	0.0000
video_test_0000254	66.611	67.451	26	0.0000
video_test_0000254	173.956	174.551	26	0.0000
video_test_0000254	30.362	31.153	26	0.0000
video_test_0000254	48.992	49.921	26	0.0000
video_test_0000254	87.670	88.593	26	0.0000
video_test_0000254	101.516	102.357	26	0.0000
video_test_0000254	159.326	160.207	26	0.0000
video_test_0000254	99.422	100.005	22	0.0000
video_test_0000254	125.795	126.319	22	0.0000
video_test_0000254	128.228	129.714	26	0.0000
video_test_0000254	156.713	157.387	26	0.0000
video_test_0000254	95.228	95.921	26	0.0000
video_test_0000254	103.419	104.179	26	0.0000
video_test_0000254	166.835	167.690	26	0.0000
video_test_0000254	184.068	184.639	26	0.0000
video_test_0000254	25.925	26.783	26	0.0000
video_test_0000254	107.729	108.219	22	0.0000
video_test_0000254	188.444	189.149	26	0.0000
video_test_0000254	192.667	193.187	31	0.0000
video_test_0000254	53.839	54.638	26	0.0000
video_test_0000254	21.196	32.458	26	0.0000
video_test_0000254	71.959	72.411	26	0.0000
video_test_0000254	86.001	86.690	26	0.0000
video_test_0000254	88.437	89.208	26	0.0000
video_test_0000254	78.924	79.471	26	0.0000
video_test_0000254	177.591	178.303	26	0.0000
video_test_0000254	177.044	177.616	22	0.0000
video_test_0000254	176.233	177.187	26	0.0000
video_test_0000254	69.841	70.368	26	0.0000
video_test_0000254	179.263	179.833	26	0.0000
video_test_0000254	89.553	90.931	26	0.0000
video_test_0000254	77.718	78.525	26	0.0000
video_test_0000254	181.327	181.869	9	0.0000
video_test_0000254	61.244	61.968	22	0.0000
video_test_0000254	190.864	191.543	26	0.0000
video_test_0000254	96.852	97.167	22	0.0000
video_test_0000254	98.444	98.985	22	0.0000
video_test_0000254	184.535	185.062	93	0.0000
video_test_0000254	172.974	173.660	26	0.0000
video_test_0000254	47.861	48.709	40	0.0000
video_test_0000254	109.317	109.838	22	0.0000
video_test_0000254	157.560	169.141	26	0.0000
video_test_0000254	56.516	57.231	26	0.0000
video_test_0000254	96.638	96.943	12	0.0000
video_test_0000254	97.113	97.480	22	0.0000
video_test_0000254	78.251	79.107	26	0.0000
video_test_0000254	124.928	125.749	26	0.0000
video_test_0000254	97.370	97.807	22	0.0000
video_test_0000254	44.126	44.976	26	0.0000
video_test_0000611	89.116	91.817	33	0.0150
video_test_0000611	157.640	158.973	24	0.0002
video_test_0000611	158.267	162.963	33	0.0000
video_test_0000611	90.472	90.834	23	0.0000
video_test_0000611	84.557	90.117	33	0.0000
video_test_0000611	90.256	90.545	23	0.0000
video_test_0000611	88.551	89.347	12	0.0000
video_test_0000611	89.156	89.587	12	0.0000
video_test_0000611	158.691	159.093	24	0.0000
video_test_0000611	89.552	90.002	24	0.0000
video_test_0000611	159.383	159.913	9	0.0000
video_test_0001146	197.676	202.198	12	0.4780
video_test_0001146	59.120	64.267	12	0.4243
video_test_0001146	50.082	52.898	12	0.3682
video_test_0001146	211.656	214.471	12	0.0107
video_test_0001146	170.993	175.672	12	0.0079
video_test_0001146	190.900	196.389	12	0.0046
video_test_0001146	187.302	190.082	12	0.0000
video_test_0001146	185.570	187.733	12	0.0000
video_test_0001146	59.733	60.219	12	0.0000
video_test_0001146	193.088	193.665	12	0.0000
video_test_0001146	197.676	198.561	12	0.0000
video_test_0001146	51.200	51.684	31	0.0000
video_test_0001146	191.757	192.607	12	0.0000
video_test_0001146	171.545	172.376	12	0.0000
video_test_0001146	197.044	197.538	12	0.0000
video_test_0001146	192.525	193.103	12	0.0000
video_test_0001146	172.592	173.401	12	0.0000
video_test_0001146	184.299	185.760	12	0.0000
video_test_0001146	60.040	60.848	12	0.0000
video_test_0001146	173.162	174.055	12	0.0000
video_test_0001146	172.304	172.737	12	0.0000
video_test_0001146	211.470	212.029	12	0.0000
video_test_0001146	210.685	211.626	12	0.0000
video_test_0001146	194.017	194.647	12	0.0000
video_test_0001146	211.990	212.541	12	0.0000
video_test_0001146	193.466	194.113	12	0.0000
video_test_0000250	59.765	61.288	9	1.0000
video_test_0000250	70.673	73.245	9	0.9899
video_test_0000250	78.439	80.010	9	0.9426
video_test_0000250	165.310	167.933	9	0.3499
video_test_0000250	47.855	49.450	9	0.3077
video_test_0000250	70.375	71.175	9	0.0014
video_test_0000250	163.900	165.439	9	0.0010
video_test_0000250	59.105	59.726	9	0.0001
video_test_0000250	165.110	165.579	9	0.0000
video_test_0000250	71.037	71.423	9	0.0000
video_test_0000250	46.926	47.697	9	0.0000
video_test_0000250	71.624	71.918	9	0.0000
video_test_0000250	73.364	73.892	9	0.0000
video_test_0000250	61.066	61.565	9	0.0000
video_test_0000250	47.505	47.973	26	0.0000
video_test_0000250	71.308	71.633	9	0.0000
video_test_0000250	71.805	72.274	9	0.0000
video_test_0000250	79.632	80.629	9	0.0000
video_test_0000429	68.703	71.136	40	0.8241
video_test_0000429	72.841	75.540	40	0.6435
video_test_0000429	77.420	78.820	97	0.1534
video_test_0000429	102.999	104.196	97	0.0341
video_test_0000429	81.110	82.349	97	0.0286
video_test_0000429	68.293	69.026	97	0.0087
video_test_0000429	89.671	90.939	97	0.0076
video_test_0000429	96.594	98.780	97	0.0062
video_test_0000429	86.178	87.394	97	0.0055
video_test_0000429	81.670	86.277	9	0.0048
video_test_0000429	53.054	55.517	24	0.0023
video_test_0000429	40.039	42.439	31	0.0007
video_test_0000429	78.666	79.949	97	0.0003
video_test_0000429	98.634	99.399	97	0.0001
video_test_0000429	80.441	81.141	97	0.0001
video_test_0000429	102.498	103.213	97	0.0001
video_test_0000429	43.591	44.249	97	0.0000
video_test_0000429	85.333	85.992	97	0.0000
video_test_0000429	44.614	46.907	31	0.0000
video_test_0000429	76.054	76.800	31	0.0000
video_test_0000429	76.819	77.489	97	0.0000
video_test_0000429	70.696	71.506	31	0.0000
video_test_0000429	52.165	53.009	31	0.0000
video_test_0000429	69.968	70.427	97	0.0000
video_test_0000429	90.971	91.915	31	0.0000
video_test_0000429	38.231	38.688	9	0.0000
video_test_0000429	38.611	39.448	97	0.0000
video_test_0000429	34.932	39.065	12	0.0000
video_test_0000429	88.334	97.149	31	0.0000
video_test_0000429	36.745	37.530	97	0.0000
video_test_0000429	69.470	69.945	93	0.0000
video_test_0000429	45.461	45.889	9	0.0000
video_test_0000429	82.118	82.520	9	0.0000
video_test_0000429	98.389	98.831	12	0.0000
video_test_0000429	69.121	69.573	93	0.0000
video_test_0000429	45.145	45.559	9	0.0000
video_test_0000429	44.119	44.952	97	0.0000
video_test_0000429	53.654	54.133	9	0.0000
video_test_0000429	80.032	80.543	12	0.0000
video_test_0000429	103.981	104.388	9	0.0000
video_test_0000429	85.957	86.459	97	0.0000
video_test_0000429	70.403	70.789	31	0.0000
video_test_0000429	73.645	74.146	26	0.0000
video_test_0000429	74.325	83.593	23	0.0000
video_test_0000429	39.467	40.080	9	0.0000
video_test_0000429	104.290	104.655	9	0.0000
video_test_0000429	27.960	36.942	31	0.0000
video_test_0000429	37.595	38.183	97	0.0000
video_test_0000429	39.907	40.479	9	0.0000
video_test_0000429	73.057	73.528	31	0.0000
video_test_0000429	52.829	53.347	9	0.0000
video_test_0000437	128.581	131.470	22	1.0000
video_test_0000437	14.466	17.127	22	0.0142
video_test_0000437	132.237	134.631	22	0.0010
video_test_0000437	17.067	17.861	24	0.0000
video_test_0000437	128.000	128.823	26	0.0000
video_test_0000437	15.421	15.926	12	0.0000
video_test_0000437	18.674	19.120	22	0.0000
video_test_0001531	167.904	169.450	92	0.5194
video_test_0001531	178.854	180.154	92	0.3356
video_test_0001531	204.384	207.013	92	0.3299
video_test_0001531	207.752	209.148	92	0.2195
video_test_0001531	164.041	166.582	92	0.0285
video_test_0001531	184.328	185.474	92	0.0055
video_test_0001531	205.170	205.492	92	0.0033
video_test_0001531	192.253	194.503	92	0.0015
video_test_0001531	38.244	50.509	36	0.0009
video_test_0001531	152.330	153.536	92	0.0007
video_test_0001531	204.930	205.257	92	0.0006
video_test_0001531	153.471	154.834	92	0.0004
video_test_0001531	159.805	160.899	92	0.0004
video_test_0001531	196.586	197.287	92	0.0003
video_test_0001531	178.436	178.815	12	0.0003
video_test_0001531	183.425	184.701	92	0.0002
video_test_0001531	208.942	209.292	92	0.0001
video_test_0001531	204.635	204.872	92	0.0001
video_test_0001531	160.724	161.918	92	0.0001
video_test_0001531	205.383	205.732	92	0.0001
video_test_0001531	204.444	204.709	92	0.0001
video_test_0001531	155.539	156.396	92	0.0001
video_test_0001531	186.455	187.639	92	0.0000
video_test_0001531	197.658	198.055	92	0.0000
video_test_0001531	205.789	206.060	92	0.0000
video_test_0001531	195.386	196.206	92	0.0000
video_test_0001531	167.619	167.951	12	0.0000
video_test_0001531	182.327	183.548	92	0.0000
video_test_0001531	41.202	42.254	12	0.0000
video_test_0001531	207.800	208.076	92	0.0000
video_test_0001531	176.047	186.218	36	0.0000
video_test_0001531	153.293	153.722	12	0.0000
video_test_0001531	179.965	180.467	12	0.0000
video_test_0001531	166.115	166.930	12	0.0000
video_test_0001531	185.273	186.498	92	0.0000
video_test_0001531	162.133	162.563	12	0.0000
video_test_0001531	42.667	43.279	12	0.0000
video_test_0001531	180.636	181.383	12	0.0000
video_test_0001531	43.417	44.439	12	0.0000
video_test_0001531	204.089	204.404	92	0.0000
video_test_0001531	203.015	204.237	92	0.0000
video_test_0001531	194.065	194.568	92	0.0000
video_test_0001531	149.889	160.706	36	0.0000
video_test_0001531	162.467	163.332	31	0.0000
video_test_0001531	154.656	155.117	12	0.0000
video_test_0001531	165.603	166.025	12	0.0000
video_test_0001531	164.850	165.280	12	0.0000
video_test_0001531	194.645	195.460	92	0.0000
video_test_0001531	181.846	182.349	12	0.0000
video_test_0001531	197.163	197.567	92	0.0000
video_test_0001531	164.337	164.795	12	0.0000
video_test_0001531	181.147	181.975	12	0.0000
video_test_0001531	193.229	203.741	36	0.0000
video_test_0001531	155.180	155.658	12	0.0000
video_test_0001182	0.913	4.148	7	0.9908
video_test_0001182	3.384	5.220	7	0.0000
video_test_0001182	2.083	2.557	93	0.0000
video_test_0001182	2.919	3.522	24	0.0000
video_test_0001182	0.636	1.433	26	0.0000
